time	95%HPD_lower_value	95%HPD_higher_value
2000.07370666963	34.9926010430479	3915.31667906111
2000.14679485675	32.6355450294751	6625.95151905563
2000.21988304387	43.0941579645898	14500.419715726
2000.29297123099	54.7354608794902	8626.31584517827
2000.36605941811	40.7939623824484	4774.44122601956
2000.43914760523	51.1002801455253	3767.78443783126
2000.51223579235	82.2096475198871	3485.19182775666
2000.58532397947	301.253472304607	2983.02655866178
2000.65841216659	660.782001547647	2723.74636134413
2000.73150035371	745.126669470292	2306.91153857384
2000.80458854083	696.121675183912	1872.94102034002
2000.87767672795	645.996742287447	1562.35601687501
2000.95076491507	661.786378274138	1423.63903234219
2001.02385310219	621.346332753013	1327.55188069777
2001.0969412893	569.675327655805	1273.73456385429
2001.17002947642	545.40518754215	1240.17596434297
2001.24311766354	513.502986280524	1192.42165356426
2001.31620585066	467.192989632564	1139.63103220342
2001.38929403778	428.881313035382	1106.79626119116
2001.4623822249	406.637163999066	1086.884024557
2001.53547041202	373.519985874532	1068.1072778162
2001.60855859914	366.459547181861	1019.0658234698
2001.68164678626	337.058864194477	927.302163180771
2001.75473497338	342.511011052458	876.862275037467
2001.8278231605	345.647608490196	833.269056443956
2001.90091134762	332.857583047957	752.159508208804
2001.97399953474	318.78519478565	667.861147813092
2002.04708772186	300.586057163565	612.508003066807
2002.12017590898	304.867495596476	573.756871656296
2002.1932640961	293.144414730536	542.489340036476
2002.26635228322	296.426117132129	541.556428869955
2002.33944047034	274.367338932142	512.541284170127
2002.41252865746	264.644230371887	467.595712105738
2002.48561684458	250.048469676947	465.767372124828
2002.5587050317	306.829954663419	511.482581402319
2002.63179321882	302.166920060337	489.639291260994
2002.70488140594	306.091672079526	475.826016201775
2002.77796959306	308.866318730933	462.619222441643
2002.85105778018	295.172660327192	450.791287763389
2002.9241459673	285.837791123807	444.26697146991
2002.99723415442	265.604243907376	412.941560935408
2003.07032234154	244.328144269004	399.459434621852
2003.14341052866	249.65638631767	401.71564770168
2003.21649871577	232.818727076265	388.290622300019
2003.28958690289	274.661919180773	511.154482155513
2003.36267509001	311.930619245888	555.029184807768
2003.43576327713	308.226772781249	612.387827080134
2003.50885146425	233.04022326636	458.085210268528
2003.58193965137	225.128944117645	419.184778553075
2003.65502783849	223.732450027549	414.207339597549
2003.72811602561	233.512899812266	408.674299808722
2003.80120421273	221.593337189665	393.203229428336
2003.87429239985	209.831034788863	370.484081379413
2003.94738058697	193.601377849109	366.042029286778
2004.02046877409	155.659395843782	335.928973153681
2004.09355696121	139.918189118522	319.298062777036
2004.16664514833	112.120553705947	273.527371437015
2004.23973333545	90.2098898720395	249.624829272621
2004.31282152257	102.537449363169	288.734078877022
2004.38590970969	100.182140208971	291.968666477003
2004.45899789681	78.6292547105087	283.3278988887
2004.53208608393	84.1902861986237	254.371401729516
2004.60517427105	84.5560537410655	266.902596594805
2004.67826245817	88.1548189898667	273.175280522741
2004.75135064529	94.787575783008	265.126643921884
2004.82443883241	93.4849194210331	253.939199851181
2004.89752701953	87.4672292311956	245.449073694484
2004.97061520665	81.1761063529939	239.915826424074
2005.04370339377	85.568896706465	236.134447262756
2005.11679158089	74.4382289685826	239.996581599949
2005.18987976801	105.555063268593	251.449629587338
2005.26296795512	107.963823129779	252.34581176741
2005.33605614224	99.9926734121357	258.421784906392
2005.40914432936	92.8665815673736	264.026869260799
2005.48223251648	87.1937818932516	268.397682376487
2005.5553207036	87.6220086605572	274.804817003848
2005.62840889072	92.284279931421	330.677637268182
2005.70149707784	102.987321208022	364.494437454592
2005.77458526496	87.6910668251804	420.879144892119
2005.84767345208	94.7625499137797	490.159351764185
2005.9207616392	83.5642909129353	601.110859260571
2005.99384982632	72.9794879219558	669.490393492294
2006.06693801344	59.7750287601951	633.869802674143
2006.14002620056	83.6979264292542	549.315823972222
2006.21311438768	72.4006469853748	496.004718174629
2006.2862025748	77.1008063079014	511.974701480539
2006.35929076192	89.9718865447861	527.799727419943
2006.43237894904	85.6948666354449	539.733066820185
2006.50546713616	164.807202686872	529.404358108948
2006.57855532328	173.710691733899	560.560884095211
2006.6516435104	145.265600496038	612.59251142007
2006.72473169752	149.125670840271	648.466232334315
2006.79781988464	138.486842576014	723.452466548331
2006.87090807176	109.123929911291	709.232670934577
2006.94399625888	115.638580154245	760.748373946967
2007.017084446	93.450215203664	646.979286566211
2007.09017263312	277.798999875027	755.368123818389
2007.16326082024	243.557639912105	648.742086367664
2007.23634900736	240.028921528678	650.76107865014
2007.30943719448	226.150696279293	641.083647693666
2007.38252538159	207.997559044171	591.769754953836
2007.45561356871	203.706619472324	543.714347349976
2007.52870175583	206.897468288269	523.686679688931
2007.60178994295	202.952227708289	497.443335354651
2007.67487813007	191.916231088411	486.224639207711
2007.74796631719	164.933750537408	485.273643559875
2007.82105450431	152.099352374519	406.265810208073
2007.89414269143	140.780721264139	409.506643701729
2007.96723087855	122.57305305837	411.221132473733
2008.04031906567	108.6768249055	409.725961558441
2008.11340725279	83.4809975631188	377.803222215667
2008.18649543991	62.0666957315112	270.293635514086
2008.25958362703	44.1941297752871	251.02108763529
2008.33267181415	40.3133506869807	236.898768424154
2008.40576000127	35.97153447134	240.199914742293
2008.47884818839	29.5957799474977	218.145130229764
2008.55193637551	46.2734733212083	227.235978652254
2008.62502456263	49.0304036889124	248.340733769
2008.69811274975	42.5897681727369	256.339155371826
2008.77120093687	47.2378185612926	287.502582477669
2008.84428912399	45.7555545038926	339.315933112613
2008.91737731111	47.7638479096933	352.249790913069
2008.99046549823	45.463723827575	412.781558839582
2009.06355368535	42.3538808051987	477.434717671479
2009.13664187247	24.1278509713318	399.724419227097
2009.20973005959	159.295826405454	372.379760204092
2009.28281824671	162.009079068352	394.932148496689
2009.35590643383	162.519113544482	436.128008910729
2009.42899462094	173.68405729031	462.492795725882
2009.50208280806	172.19912284434	484.156055012199
2009.57517099518	172.270436115306	519.713545984259
2009.6482591823	168.348126278125	524.007846917621
2009.72134736942	169.328856624632	527.299081712342
2009.79443555654	166.722777754518	529.085665299381
2009.86752374366	167.531133787459	531.82179339193
2009.94061193078	160.07990902722	569.285481050653
2010.0137001179	142.212788886995	591.217383978198
2010.08678830502	89.8072620211293	297.739747439778
2010.15987649214	55.2981981538985	503.206156681682
2010.23296467926	47.1392097382972	307.392078788173
2010.30605286638	47.0317491078085	306.220497658531
2010.3791410535	46.9022624623289	304.925756774214
2010.45222924062	46.7436394338055	303.470352105082
2010.52531742774	39.0094618904398	228.453922117357
2010.59840561486	38.5001069648776	224.059311994565
2010.67149380198	37.8355164938672	218.57555834304
2010.7445819891	36.9543274893449	211.477023005177
2010.81767017622	35.7311224344182	202.018751320139
2010.89075836334	34.6311066714796	189.741449245303
2010.96384655046	32.959479339047	170.014725536838
2011.03693473758	26.5735225123044	132.598637604296
2011.1100229247	15.5996189204797	66.4412280053856
2011.18311111182	15.6813550687891	68.3067211314665
2011.25619929894	21.7931458952024	71.3411837234435
2011.32928748606	21.9724875268203	72.3832159400533
2011.40237567318	21.7896675728711	73.7052966836333
2011.4754638603	21.1833147188296	75.4368279694545
2011.54855204741	20.6372863056132	76.8480879076696
2011.62164023453	20.5629204515843	76.8591208533507
2011.69472842165	20.4616665439417	76.8776337001746
2011.76781660877	20.3153781555039	76.9086796155332
2011.84090479589	20.0848395022721	76.9631788707136
2011.91399298301	19.4367321910871	77.0699165780532
2011.98708117013	15.9965798098297	77.3373549960015
2012.06016935725	4.15931728765008	78.9125904445302
2012.13325754437	1.69513352778258	438.661160628448
2012.20634573149	0.791547911066718	458.621878813357
2012.27943391861	0.791547884451838	458.897350157155
2012.35252210573	0.791547875792338	459.171624634359
2012.42561029285	0.791547844949062	459.444706246063
2012.49869847997	0.791547826721967	459.716598976066
2012.57178666709	0.791547791366289	459.987306791049
2012.64487485421	0.791547772418066	460.256833640372
2012.71796304133	0.791547732040247	460.525183456107
2012.79105122845	0.791547734736041	460.792360152685
2012.86413941557	0.791547893153888	461.05836762758
2012.93722760269	0.79154786485054	461.323209760367
2013.01031578981	0.791547890851986	461.586890413062
2013.08340397693	0.791369351971462	461.849413532403
2013.15649216405	NA	NA
2013.22958035117	NA	NA
2013.30266853829	NA	NA
2013.37575672541	NA	NA
2013.44884491253	NA	NA
2013.52193309965	NA	NA
2013.59502128677	NA	NA
2013.66810947388	NA	NA
2013.741197661	NA	NA
2013.81428584812	NA	NA
2013.88737403524	NA	NA
2013.96046222236	39.9097679378396	115.838396770305
2014.03355040948	39.9075938871246	115.824342983612
2014.1066385966	39.9054185658572	115.81027564293
2014.17972678372	21.6916073176466	80.3171954726445
2014.25281497084	21.4753093301752	80.1978442035371
2014.32590315796	21.2147797289488	80.0554818075822
2014.39899134508	20.8948176633173	79.8822018673809
2014.4720795322	20.4923556647511	79.6660063071032
2014.54516771932	19.9706146056309	79.3877652089448
2014.61825590644	19.2671374368817	79.0149928074216
