time	95%HPD_lower_value	95%HPD_higher_value
1997.33267885593	9.00484798922621	215.241747487064
1997.35607372079	9.27715578392136	238.974466900243
1997.37946858565	9.27720830221328	239.006467624472
1997.40286345052	9.27726064913882	239.038413357876
1997.42625831538	9.27731307461458	239.070304157426
1997.44965318024	9.27736556746746	239.102140055315
1997.4730480451	10.6888689122178	233.930246667219
1997.49644290996	12.4633601311851	430.513580760954
1997.51983777482	14.4853965885387	309.343068312738
1997.54323263969	19.0570060197057	420.042717765681
1997.56662750455	22.5653198742276	291.079630309978
1997.59002236941	23.0724095324018	218.326662907331
1997.61341723427	21.112979189142	217.441536425943
1997.63681209913	15.5499097130824	389.702116106948
1997.66020696399	15.6274735226887	245.914070194994
1997.68360182886	16.0357572910043	391.935641480756
1997.70699669372	17.6166192093978	358.313815998041
1997.73039155858	18.1436410939603	278.747871958641
1997.75378642344	19.2290221007404	310.046145053452
1997.7771812883	23.0245148355279	295.773445488933
1997.80057615316	23.0590445335214	298.798619927431
1997.82397101803	23.065985147256	259.00628099935
1997.84736588289	24.6120308134963	211.257502854477
1997.87076074775	25.0793408202104	344.320584882876
1997.89415561261	21.3791176425809	276.978807863099
1997.91755047747	21.4461145322251	244.157944581707
1997.94094534233	21.7407590699283	270.251177546731
1997.9643402072	26.0696122815859	324.800692028679
1997.98773507206	30.9284221109455	245.264424444045
1998.01112993692	31.7441691136504	204.99208120351
1998.03452480178	31.997012243423	195.385099439449
1998.05791966664	32.619900933796	173.947026356346
1998.0813145315	38.4946897467426	168.208000512001
1998.10470939637	39.8053703186389	195.58431486948
1998.12810426123	41.4874331022499	165.275937949397
1998.15149912609	43.3067125068456	147.604468858271
1998.17489399095	43.3433460967115	133.787087484918
1998.19828885581	43.8065121377631	173.64657224674
1998.22168372067	44.6423633664375	146.061916258736
1998.24507858554	45.102822082655	183.803100102746
1998.2684734504	46.0505242252477	155.794006227642
1998.29186831526	46.4975360290576	138.311872498225
1998.31526318012	46.2458331409528	126.945841107019
1998.33865804498	46.2506730119723	119.475296579656
1998.36205290984	45.7605880024343	114.146068792469
1998.3854477747	45.5457498241629	107.414345208114
1998.40884263957	45.3464822200725	101.323245007333
1998.43223750443	45.1610248773287	96.7699743177513
1998.45563236929	44.9878905965202	93.3606687217118
1998.47902723415	44.8258117650223	92.831172306314
1998.50242209901	43.4899843454096	92.4345911780133
1998.52581696387	41.5248843908324	94.4767622668062
1998.54921182874	43.0765780941571	94.9888957101553
1998.5726066936	42.9035183565443	94.9593567914127
1998.59600155846	42.3532791293062	96.0411843318647
1998.61939642332	27.4833941646498	99.8685608876149
1998.64279128818	27.4708339549191	99.7022267420462
1998.66618615304	30.0217529211803	102.977628025202
1998.68958101791	33.4819282506919	103.690441768549
1998.71297588277	36.7150967125564	104.371731855345
1998.73637074763	28.3809398739639	105.956037068072
1998.75976561249	37.3001344238229	108.553025386667
1998.78316047735	32.6472000874959	112.332639890086
1998.80655534221	34.7455685162262	114.245662300264
1998.82995020708	33.69266855314	115.515360760576
1998.85334507194	27.0232304421159	116.667635126622
1998.8767399368	25.1657569027143	161.906433238689
1998.90013480166	25.7498369355202	163.643257817796
1998.92352966652	26.4432213456731	167.769058641687
1998.94692453138	28.4169653279951	224.413801641749
1998.97031939625	28.7735597366368	235.273447444604
1998.99371426111	23.4068886746313	201.660914646699
1999.01710912597	23.6530816099239	197.318814324799
1999.04050399083	21.4838321934434	208.390565982844
1999.06389885569	22.1374535460464	224.861422484011
1999.08729372055	21.5226892174247	228.253954229327
1999.11068858542	21.6853632213016	208.742944673222
1999.13408345028	21.8776686799442	239.632469945974
1999.15747831514	48.2988720316252	227.500422384841
1999.18087318	48.0761108615336	231.377157264705
1999.20426804486	45.5153779438017	189.584019262343
1999.22766290972	43.3989906725411	190.455831718328
1999.25105777459	41.1512651699383	170.09729638573
1999.27445263945	42.7069015494957	167.265163940126
1999.29784750431	42.6063125920757	181.818082247349
1999.32124236917	45.9570510715487	181.717601196916
1999.34463723403	61.9720320863148	191.630418781526
1999.36803209889	64.0829116380408	201.405679604693
1999.39142696376	66.7952360177676	190.171508486162
1999.41482182862	79.8754408746065	194.029339501163
1999.43821669348	81.3732993345471	192.008999219931
1999.46161155834	70.0079662721851	203.983916006023
1999.4850064232	70.6032874969742	196.848907079274
1999.50840128806	81.6492922786056	194.936170539325
1999.53179615293	80.7003538880872	195.677838888748
1999.55519101779	79.2230747450581	193.235559913369
1999.57858588265	84.9183044632691	198.979100035099
1999.60198074751	88.9968736767914	196.079296511501
1999.62537561237	95.7156979445976	199.596534875099
1999.64877047723	97.036026487334	204.455202780733
1999.6721653421	95.9501237469744	218.266828366446
1999.69556020696	99.4236996081293	232.887270578368
1999.71895507182	99.6650518211494	243.690563163796
1999.74234993668	99.452814711338	245.676844274183
1999.76574480154	99.7987192071216	253.359432586613
1999.7891396664	99.5555422090595	261.064086028477
1999.81253453127	101.666824846312	262.625870191644
1999.83592939613	101.275636214152	270.963446622271
1999.85932426099	100.300326735369	278.829601718753
1999.88271912585	99.3136995486029	286.42397242705
1999.90611399071	98.3782929459382	288.718929059233
1999.92950885557	97.557436823136	294.126489814561
1999.95290372044	99.0568428234998	304.960632030729
1999.9762985853	99.3793298837926	310.589025716294
1999.99969345016	101.375972175496	313.933633349174
2000.02308831502	105.146545960001	315.797883132283
2000.04648317988	103.801986579243	299.798593799449
2000.06987804474	103.13536676838	290.861810108304
2000.09327290961	105.938237097873	293.341488381982
2000.11666777447	106.9630750047	294.55535195896
2000.14006263933	106.641878351205	300.65012535369
2000.16345750419	105.76060971228	316.605147682526
2000.18685236905	103.797706674276	341.427202047812
2000.21024723391	105.390135457902	375.997095133888
2000.23364209878	104.345261913144	357.683905544145
2000.25703696364	110.637382867293	377.95392295353
2000.2804318285	151.885382502365	406.578283881973
2000.30382669336	166.921564540099	424.985594882041
2000.32722155822	177.47720642686	458.384334931701
2000.35061642308	187.377666240766	460.466082219072
2000.37401128795	202.446714000104	470.572512573501
2000.39740615281	223.326051018764	499.628884051753
2000.42080101767	244.514997903426	539.711443603071
2000.44419588253	250.34063483286	541.767644236509
2000.46759074739	252.001792098143	569.142422145545
2000.49098561225	256.472324736714	573.864385426068
2000.51438047712	279.730940796086	582.590785740828
2000.53777534198	285.889924485918	578.775640348664
2000.56117020684	299.660176140886	577.227325815329
2000.5845650717	336.09411699767	583.444092431641
2000.60795993656	375.451469204984	611.245353287456
2000.63135480142	382.254158634133	621.441849395766
2000.65474966628	399.831610276881	625.603733400876
2000.67814453115	423.806246728714	625.736349170417
2000.70153939601	435.083271861476	630.16037802842
2000.72493426087	444.27537553838	637.46697558303
2000.74832912573	447.781916054237	638.56536749555
2000.77172399059	450.747549168569	639.747501191926
2000.79511885545	449.378655154202	639.661527372401
2000.81851372032	458.001224664715	639.378062806575
2000.84190858518	459.738804759649	639.717535999038
2000.86530345004	464.536341234264	639.803579014524
2000.8886983149	463.189386233207	643.576852570286
2000.91209317976	466.224795111335	643.931258968381
2000.93548804462	468.777629962439	644.484959984207
2000.95888290949	471.521600555916	645.272820869067
2000.98227777435	474.558061148339	646.003473830119
2001.00567263921	476.416784594367	647.455180380998
2001.02906750407	480.581846853747	647.367650769402
2001.05246236893	481.524898146211	648.469209660859
2001.07585723379	481.453857988816	650.002614833323
2001.09925209866	478.243264884341	650.221277315257
2001.12264696352	474.705542284768	651.388231141794
2001.14604182838	474.920327823522	650.421294478963
2001.16943669324	476.913929325107	657.37382398705
2001.1928315581	471.255631156451	650.871810850377
2001.21622642296	455.003223165706	634.115924876459
2001.23962128783	458.810412278666	651.226274431821
2001.26301615269	457.138245954463	644.339859997779
2001.28641101755	448.725229410603	635.475771541798
2001.30980588241	438.573843217412	636.687652520998
2001.33320074727	426.890307350363	630.983153258532
2001.35659561213	426.516656375605	631.781710697614
2001.379990477	421.734131916239	647.752074258757
2001.40338534186	415.944479920805	656.401630103512
2001.42678020672	408.987946816931	657.717805052469
2001.45017507158	389.032838013147	662.887820769402
2001.47356993644	371.684140581737	664.690959029706
2001.4969648013	363.284421336792	669.047530943689
2001.52035966617	357.630057439928	656.512572942287
2001.54375453103	350.755411713899	649.473467638347
2001.56714939589	353.006330382133	627.53816557708
2001.59054426075	353.662884757861	633.372333092507
2001.61393912561	353.136925303975	630.078256871099
2001.63733399047	348.122724328242	632.0244711697
2001.66072885534	344.812174433175	633.139110356705
2001.6841237202	342.210995791065	632.965280533812
2001.70751858506	342.11742729214	637.518747568418
2001.73091344992	342.233630992945	644.046533083376
2001.75430831478	342.358391517954	649.273529572619
2001.77770317964	342.546033996102	654.302260180201
2001.80109804451	342.736501589935	659.682618867734
2001.82449290937	342.809890254674	666.894106078672
2001.84788777423	342.424043368494	675.105002461119
2001.87128263909	342.607687092794	684.055908851086
2001.89467750395	343.802281196442	693.635581117653
2001.91807236881	345.217277805394	704.353403486637
2001.94146723368	346.79644489883	716.456277315076
2001.96486209854	348.579818158294	730.238541859688
2001.9882569634	350.613572476192	746.036899968739
