mean_branch_dispersal_velocity	weighted_branch_dispersal_velocity	branch_dispersal_velocity_variation_among_branches	original_diffusion_coefficient	weighted_diffusion_coefficient	diffusion_coefficient_variation_among_branches
596.879792373622	148.345670801801	6.57786719599483	138860.955900165	54046.0801004201	8.5637098350801
448.86716116421	139.476604009091	4.90263002855544	97118.443746678	49389.5691275262	9.16876581243892
756.723046473006	141.466396480875	12.5749022864852	168600.586806619	54218.7671796831	12.5995912933694
762.352623787875	140.362590019339	8.35132835975448	258146.552170871	51820.4936811823	14.6060552909826
1084.3999906796	140.01776244897	13.2240868217506	208306.247933936	49905.3177796133	15.9352511654667
1023.43189036209	133.433753761596	10.5138505233294	159870.24402723	41321.0014498522	11.0466405701182
637.861905346847	128.505170129013	10.0156661376222	163037.766600037	41939.5452091498	14.279341975898
513.419851034888	141.086477029831	7.3476414612984	108103.110964728	48540.7437312696	8.1107064120892
830.30708159362	141.16910404833	8.55765621978677	154199.489434393	48952.8448757613	8.33073065668081
1074.18675721059	142.617185630776	17.2858682834909	453183.477189674	51359.6146077794	25.5827216359869
829.011404943109	142.135291488043	7.96863657765821	159942.433960647	54111.4607452647	16.5855224531179
608.036930637495	134.941603326659	7.86900227157377	139610.338723148	46268.1915792493	12.1419344419487
604.158883112401	142.100227604438	8.49522799668104	161179.242271721	48940.7676212711	13.1552116864511
605.241551893955	136.587499956055	8.39453245382359	270905.857981566	52553.8809451176	14.1944355772238
345.660975691071	133.560878513909	3.08896580960265	62000.5462282403	48974.4601638603	4.97418822600561
628.996394199032	151.31778045037	7.15612731751086	126638.323048789	58750.4574818202	8.0879786304235
706.45450403952	134.565720577648	8.65857737267051	113407.099009634	47040.5108527603	7.6293966354103
517.320703453379	134.276113697094	9.66393172118867	68362.2313342946	44339.1961386554	6.79045946786306
696.193615350813	152.386541773622	6.37361931819924	189768.855932265	57693.0812748385	11.3326155087356
504.268173474453	142.571955371519	4.99747348576297	101367.140318908	49893.0752942254	7.41408428364634
780.278605932242	135.623167424802	11.9947558466626	127686.866158663	46603.7938540719	8.21745118977565
606.598166354967	139.890068193287	5.47871235781862	77284.6862894536	51642.1858115526	5.6791075582307
405.89307761317	136.099875311077	4.52287764156495	68668.4172709694	47480.4817792488	5.88213444792894
853.128837251162	133.907380648227	7.37972871632819	146737.477726544	44142.1299235929	12.9009246352856
471.142718311153	144.856729826978	5.41452107622549	117257.81913775	51755.6670184311	13.7413136276495
528.674784539454	120.351471406049	9.83173746014264	124949.402111865	36264.8036927576	15.8195964380328
1132.4122713896	145.008582678989	13.0474526408049	179171.443178499	53094.4018787181	9.27844367872604
1630.22719236615	140.993229566268	16.3111679861388	631782.012177085	48295.3307686594	18.2026128444371
1049.21369640563	147.485747986795	17.7008190057751	419594.731773171	54173.1827024124	24.7678708758791
661.998890973142	137.252441146955	9.97072995305445	200088.367353157	47283.1055324426	20.2498850640289
4019.6793271807	141.158742423	22.5602843964918	414968.511824995	50231.460272374	23.5004234293135
892.252778616631	135.483762825609	14.8921554780436	225363.028531026	42117.6458454786	22.8921393923428
364.865511203924	131.478393353729	5.03966953568878	73239.8258582014	46969.9335440692	5.61179205990946
740.272246487219	129.768731149606	13.2732486402849	204766.89044264	43096.9138874503	19.6473522811542
920.438992296177	133.998392454991	12.4163041246094	182269.148167461	44861.4460709058	13.8988239364366
2228.17504178352	141.395205064787	24.0962811766715	938808.678651539	53393.9019218256	25.753490366624
2075.68492365493	128.691848652232	14.0194061370139	507806.551082427	40300.7710436719	20.1300407623806
741.868328380122	133.965385573514	10.6382230270004	110991.467705262	43803.9739652342	10.2090980766507
454.229317067676	128.82575498547	7.65796120582404	120393.907297446	44183.1466794773	15.0619292514282
633.141118494464	133.566875145015	7.21923170511033	108762.055303442	41934.4018310044	13.0969684475364
644.50513619259	139.471709967436	8.59031743904687	146316.306146041	50544.4988845813	10.9225912660808
450.997411060784	131.28107921925	4.04739684960292	65858.2732088508	41872.0334051357	5.16530902570092
2203.73625004235	131.104164727738	17.9638456499985	1087177.55626405	43197.4391042365	24.6468501013618
589.402970066136	133.291510529355	8.10154150392757	125840.759032335	43751.2106115964	10.980081476868
2377.49957768224	133.460401529109	26.3787848603258	546651.722696102	50732.4363484517	26.652770662569
3101.67928894419	129.624835335279	26.0882964059152	363427.822463938	44081.6488305731	18.9100134585279
738.464704456567	152.513395897814	9.29299116279729	156870.999651731	60890.0124019062	8.8309706077496
1770.88073046253	136.235690485173	13.9717001926723	332594.005655949	47982.5474240429	14.0206282717607
783.060376624174	150.193978138635	12.2766442671527	324859.206856075	58239.7489364493	21.7870071514907
1175.88158989969	143.443125019592	13.7807758187598	354170.23730543	55133.4094188608	21.0310815416965
680.072446112896	133.987609489033	8.21362210384117	167630.21301215	44844.7418873107	13.4264786663538
630.485823676749	141.978004527463	5.24874424004152	139595.473907279	52855.5107643568	9.21583627090852
570.781450011522	140.834366352923	5.78660200998324	101813.15077278	46068.0143590116	9.59131192637326
1195.14694182497	149.579655523436	15.3162985278717	476637.852987792	60629.8428805252	18.3539421492059
721.821942385073	135.010264802216	10.3226665552956	161459.225370384	48486.1797366404	17.0512052574337
563.167064228386	129.158391028993	6.04785378419725	99222.7261399147	45432.4302191013	8.99716643155343
759.547011423114	144.919334280798	9.34175616776335	207301.814976027	55974.1896180394	9.73252693226873
1283.24718342407	148.860991450075	12.5361931642298	488875.66334947	59846.583643819	19.8539475608307
472.400825083664	141.118486015828	5.06406835177871	98741.0555683377	49068.1477729553	6.80692176846804
731.863127374103	135.394973154371	10.6881849130685	156381.844985676	45618.4457692131	16.9745970106554
5341.46861944142	138.588762373116	20.3208563995929	2217339.58536051	49535.2394751001	28.6649111749012
878.037019810077	145.767172350923	9.54602634607845	129663.362450253	56085.6824933403	9.45133128664792
505.554740759705	134.355077695667	5.96785315640485	85668.3365552554	46513.5402060493	6.45891846271461
650.331872256729	140.995368066267	6.9066037114405	126259.265966913	45478.022907249	8.72072386242328
534.80406044845	135.679210083066	3.99413623402382	81493.3452779482	45819.7349258227	6.34708436714612
454.073882745798	126.504952327835	6.73531205850548	86140.6203273185	41209.6609135288	11.6562642595812
753.828347384978	128.366728131434	7.19222208636107	196770.541792327	43191.4026830959	12.296054487736
4244.0640156542	140.313697373671	18.6987794772253	1103399.26469824	49651.4672375483	22.7551198335833
584.697981161916	146.514247784499	8.31629595518848	122128.013962712	55246.6485326892	10.8136374925123
756.202256207867	138.013720762785	9.3108581904366	164215.710780175	46101.506439804	12.1838772878661
525.469383099404	148.424227789037	4.39151068187082	126584.216617321	56473.1747262691	8.5549641368221
935.68016974988	132.081260912427	8.89124936153133	177791.236295735	43826.1029214561	13.9278890017983
711.6597804809	139.998814278237	8.60286331064607	119083.309962072	48276.854394848	8.741310932658
470.973078445038	133.673714388791	7.16421217518885	106624.659235639	44830.4543797188	12.1037667313937
627.438185710261	134.825987950919	8.31961558301269	131149.864448294	47098.3383865246	14.6798133744795
522.026255936465	142.012913010355	5.67457727228378	109962.574806822	54908.1402788416	12.4303599961632
1362.01815643014	128.841953379667	23.6867806809115	471289.439499163	40273.9712672345	30.2435835518816
1355.02031594616	136.586921274582	11.504401069173	391955.418979986	46734.775900179	25.0294075240894
703.096307232864	151.748341010096	7.59588198400505	138668.180543984	58825.3157320797	8.53588665183028
1044.01019518469	135.928860619793	22.3099357247359	510703.726754955	50850.460596966	30.44254265976
783.109531563473	132.585381978572	9.51968887267109	199005.497328496	44097.0236473529	20.4132664924291
708.925493409924	148.195433476911	5.7369622838591	153825.086062518	56512.5271300523	7.46975181222068
887.11069610854	142.643607226337	10.8241662127984	301899.832748165	51232.337650833	19.1602408046987
1022.86809675609	139.629013146501	7.64308839700271	244990.947872825	47805.0774656098	12.0714431003613
4648.40925057376	131.807966729634	27.4866212480749	1375594.31773557	44544.1170762909	30.2158919028707
958.924083753238	144.434676390172	7.66119171543867	223049.739411317	59133.8508931075	10.1359204516982
632.786144196477	129.051315370776	6.92179733778554	159951.637609904	41627.9731253964	15.5509899882252
1222.96387625709	143.212738605914	22.8143706177797	634825.260999718	52037.2442226249	29.3635201741014
699.105571263296	138.278036884939	6.48291935438136	128696.35113424	48010.804390553	9.26649302535305
447.754422034882	138.662568711193	4.93906663177934	71957.1334071418	45627.2121886261	5.47588580878302
847.29718273963	133.951714993863	15.2338020232685	255339.681771456	48733.8586157477	23.0524426063004
546.694091009012	131.167720623789	7.28192538145892	120057.168239446	43619.0522855429	10.9745511573948
604.356026517527	130.68565599225	5.94016371468514	119265.277182596	40380.210183695	9.34949682814191
1307.40701092521	128.764206702049	13.6911118039836	374263.406613334	38882.1494246153	21.0312548531338
1219.61437908361	139.000616001796	24.0999860817899	604998.193279714	54094.724475299	30.3167480065235
638.89790346981	128.83472098114	10.2580094327649	114945.851894381	39918.0781026657	11.1834278973236
490.849562551975	133.760903084302	4.76310779289723	87741.4266675087	47955.9305375709	7.02720673096988
504.088053935493	137.217536501188	9.10544464027688	73027.9428909681	49126.9860034817	6.5197976610041
1444.36652087535	136.332002656616	16.5749686869691	142015.451397369	44070.8938914011	10.8918606001354
786.325260454638	135.820604548578	9.98740388104062	301249.285956501	54708.9369006002	23.2292070348664
