time	distance
1997.3209814235	0
1997.35642551638	0
1997.39186960926	0
1997.42731370215	0
1997.46275779503	0
1997.49820188791	0
1997.53364598079	0
1997.56909007368	0
1997.60453416656	0
1997.63997825944	0
1997.67542235232	0
1997.71086644521	0
1997.74631053809	0
1997.78175463097	0
1997.81719872385	0
1997.85264281674	0
1997.88808690962	0
1997.9235310025	0
1997.95897509538	0
1997.99441918827	0
1998.02986328115	0
1998.06530737403	0
1998.10075146691	0
1998.1361955598	0
1998.17163965268	0
1998.20708374556	0.408195150798424
1998.24252783844	3.81141560497748
1998.27797193133	8.151051260555
1998.31341602421	15.1269387825722
1998.34886011709	19.8432587770996
1998.38430420997	28.7476754715092
1998.41974830286	35.4760717744665
1998.45519239574	45.5377567479235
1998.49063648862	55.3642120286741
1998.5260805815	62.3350678553702
1998.56152467439	71.3908012444871
1998.59696876727	82.8742476037218
1998.63241286015	91.1693794371589
1998.66785695303	100.577810025684
1998.70330104592	105.17275183707
1998.7387451388	115.416127691107
1998.77418923168	124.799769210942
1998.80963332456	132.774466784691
1998.84507741745	143.186827279698
1998.88052151033	157.438540184356
1998.91596560321	170.953660854615
1998.95140969609	182.286787355411
1998.98685378898	192.234241702705
1999.02229788186	210.720121791584
1999.05774197474	227.932026097741
1999.09318606762	247.784208746892
1999.12863016051	267.655999945386
1999.16407425339	287.547328441179
1999.19951834627	305.269097411206
1999.23496243915	320.897647460772
1999.27040653204	336.533040852629
1999.30585062492	367.306596604471
1999.3412947178	395.459149348683
1999.37673881068	422.966574014994
1999.41218290357	449.885698421994
1999.44762699645	472.48414131551
1999.48307108933	500.771608171189
1999.51851518221	537.825889663842
1999.5539592751	565.272252473506
1999.58940336798	583.830600049928
1999.62484746086	620.159529924356
1999.66029155374	647.485538147151
1999.69573564663	674.538198744232
1999.73117973951	696.866803066797
1999.76662383239	723.437079305774
1999.80206792527	761.831955571023
1999.83751201816	795.783708672832
1999.87295611104	837.237095394831
1999.90840020392	878.745214891999
1999.9438442968	913.631949508433
1999.97928838969	951.718097526368
2000.01473248257	994.123524556685
2000.05017657545	1022.8878940565
2000.08562066833	1036.21345711117
2000.12106476122	1067.79803793777
2000.1565088541	1081.27245934104
2000.19195294698	1110.84615593102
2000.22739703986	1125.42204739011
2000.26284113275	1176.27867510867
2000.29828522563	1233.69850549898
2000.33372931851	1291.12631603804
2000.36917341139	1339.21584074886
2000.40461750428	1399.5995460272
2000.44006159716	1481.84223696971
2000.47550569004	1541.72160631425
2000.51094978292	1598.26288949072
2000.54639387581	1707.83915928155
2000.58183796869	1748.80086880468
2000.61728206157	1791.94587747939
2000.65272615445	1885.02039030676
2000.68817024734	1948.87356731356
2000.72361434022	2017.46048780741
2000.7590584331	2132.98712485611
2000.79450252598	2255.42213326184
2000.82994661887	2325.92419710738
2000.86539071175	2420.30600455716
2000.90083480463	2527.39628765443
2000.93627889751	2664.63599215595
2000.9717229904	2746.16658902651
2001.00716708328	2801.85575150009
2001.04261117616	2849.02868488019
2001.07805526904	2994.55688607924
2001.11349936193	3138.00203023559
2001.14894345481	3222.68058255185
2001.18438754769	3255.8313659341
2001.21983164057	3259.03781968411
2001.25527573346	3275.6845364751
2001.29071982634	3302.45212672221
2001.32616391922	3314.15259257169
2001.3616080121	3353.15283660622
2001.39705210499	3380.13545941403
2001.43249619787	3399.38511332477
2001.46794029075	3430.24272966036
2001.50338438363	3460.66403654141
2001.53882847652	3492.26349583066
2001.5742725694	3533.82539539772
2001.60971666228	3559.44343347019
2001.64516075516	3595.76288193803
2001.68060484805	3614.54638937769
2001.71604894093	3658.93176217547
2001.75149303381	3680.41303061668
2001.78693712669	3686.96723073101
2001.82238121958	3686.96723073101
2001.85782531246	3686.96723073101
2001.89326940534	3709.93621526886
2001.92871349822	3744.15925625699
2001.96415759111	3775.93209599593
2001.99960168399	3775.93209599593
2002.03504577687	3775.93209599593
2002.07048986975	3775.93209599593
2002.10593396264	3792.31014443507
2002.14137805552	3793.93696442792
2002.1768221484	3793.93696442792
2002.21226624128	3793.93696442792
2002.24771033417	3793.93696442792
2002.28315442705	3793.93696442792
2002.31859851993	3806.03670926437
2002.35404261281	3811.35002505471
2002.3894867057	3818.20878198559
2002.42493079858	3818.20878198559
2002.46037489146	3818.20878198559
2002.49581898434	3818.20878198559
2002.53126307723	3818.20878198559
2002.56670717011	3831.05880976628
2002.60215126299	3850.98998989775
2002.63759535587	3859.16566994832
2002.67303944876	3859.16566994832
2002.70848354164	3904.91874297339
2002.74392763452	3941.87483856436
2002.7793717274	3958.35751476203
2002.81481582029	3984.41656178817
2002.85025991317	3984.41656178817
2002.88570400605	3988.09508004974
2002.92114809893	4004.16799920411
2002.95659219182	4024.19452155835
2002.9920362847	4054.26998881542
2003.02748037758	4054.26998881542
2003.06292447046	4054.26998881542
2003.09836856335	4054.26998881542
2003.13381265623	4054.26998881542
2003.16925674911	4054.26998881542
2003.20470084199	4054.26998881542
2003.24014493488	4054.26998881542
2003.27558902776	4054.26998881542
2003.31103312064	4054.26998881542
2003.34647721352	4054.26998881542
2003.38192130641	4054.26998881542
2003.41736539929	4054.26998881542
2003.45280949217	4054.26998881542
2003.48825358505	4054.26998881542
2003.52369767794	4054.26998881542
2003.55914177082	4054.26998881542
2003.5945858637	4054.26998881542
2003.63002995658	4054.26998881542
2003.66547404947	4054.26998881542
2003.70091814235	4054.26998881542
2003.73636223523	4054.26998881542
2003.77180632811	4054.26998881542
2003.807250421	4054.26998881542
2003.84269451388	4054.26998881542
2003.87813860676	4054.26998881542
2003.91358269964	4054.26998881542
2003.94902679253	4054.26998881542
2003.98447088541	4054.26998881542
2004.01991497829	4054.26998881542
2004.05535907117	4054.26998881542
2004.09080316406	4054.26998881542
2004.12624725694	4054.26998881542
2004.16169134982	4054.26998881542
2004.1971354427	4054.26998881542
2004.23257953559	4054.26998881542
2004.26802362847	4054.26998881542
2004.30346772135	4054.26998881542
2004.33891181423	4054.26998881542
2004.37435590712	4054.26998881542
2004.4098	4054.26998881542
