time	95%HPD_lower_value	95%HPD_higher_value
1997.33870346994	9.00486169759568	213.486502657287
1997.37414756282	9.27719641062725	238.999194071412
1997.40959165571	9.27727571051002	239.047590560952
1997.44503574859	9.27735518570123	239.095860971031
1997.48047984147	11.1662997489275	461.521373859637
1997.51592393435	13.6565754267592	327.653997743535
1997.55136802724	21.8208967651156	349.510549268071
1997.58681212012	22.9872962394318	216.877447050532
1997.622256213	21.203439490287	4426.43533522936
1997.65770030588	15.5460145307618	243.302088972297
1997.69314439877	16.5627061622932	420.975349193358
1997.72858849165	18.1173684070507	279.902220918071
1997.76403258453	20.2598407827432	298.384357782057
1997.79947667741	23.0590418840112	274.859516253672
1997.8349207703	22.7719245606864	223.048662160106
1997.87036486318	25.0793315649474	326.361063241609
1997.90580895606	21.4461552551981	261.896308790491
1997.94125304894	21.7407586679098	271.037949313285
1997.97669714183	26.5538916666291	283.704749071418
1998.01214123471	31.762015380929	203.629221386273
1998.04758532759	32.1978831168574	181.643687985252
1998.08302942047	38.8524170765805	175.289836303567
1998.11847351336	39.4224808590845	170.479145962036
1998.15391760624	42.1214243425686	156.964064522037
1998.18936169912	42.7373987039707	181.767285414943
1998.224805792	42.3990163807416	146.303089353304
1998.26024988489	43.3277983065663	166.792543288826
1998.29569397777	43.7453316708419	141.333677256847
1998.33113807065	44.5054617608322	126.802415346656
1998.36658216353	42.5526328277567	116.725381976825
1998.40202625642	41.9220942240328	103.083118278762
1998.4374703493	42.2022305479082	98.5342438139241
1998.47291444218	41.9507256908596	98.8596624688306
1998.50835853506	40.6714764033162	100.053959252423
1998.54380262795	38.4064192481179	103.104818437145
1998.57924672083	40.9788829105418	104.241028852772
1998.61469081371	33.9444925357498	111.677308158663
1998.65013490659	30.3428893096639	112.242447716198
1998.68557899948	36.6103097145616	112.075825231753
1998.72102309236	40.1930367830036	111.935990337781
1998.75646718524	32.4759724153124	111.781440496731
1998.79191127812	35.8259780723591	111.60706935998
1998.82735537101	41.542946793595	122.381530673541
1998.86279946389	48.6835257722621	158.671088365837
1998.89824355677	33.6539145107666	198.518743608752
1998.93368764965	37.0284635959621	203.292434752701
1998.96913174254	41.6328223123091	235.477222506318
1999.00457583542	44.9210636341892	199.650107783359
1999.0400199283	24.9233818477774	255.982554719951
1999.07546402118	34.0551428015642	292.90672383931
1999.11090811407	24.0195586455156	248.860158242984
1999.14635220695	39.5693578932338	245.946965820437
1999.18179629983	65.5702190714113	231.567842063809
1999.21724039271	63.3672917510666	222.053747708998
1999.2526844856	50.8300945622585	199.102301936058
1999.28812857848	51.8278416689327	207.18061316239
1999.32357267136	61.0730272257196	203.016084744208
1999.35901676424	70.2204643387221	213.106853327168
1999.39446085713	76.4430573750068	220.064376870359
1999.42990495001	82.3575345445339	218.220145786401
1999.46534904289	80.7091533236175	232.307697942997
1999.50079313577	84.5969256853956	219.30130344878
1999.53623722866	85.0395023020408	212.830732959804
1999.57168132154	90.3521200572779	229.354521597272
1999.60712541442	95.3752284959037	227.943912488345
1999.6425695073	99.3977899181893	234.547685752955
1999.67801360019	102.041885293534	253.162968928348
1999.71345769307	103.19369361443	270.31261216074
1999.74890178595	104.125616435884	276.097179789607
1999.78434587883	103.865439203324	276.58323563974
1999.81978997172	105.885250140206	277.251511636909
1999.8552340646	105.402902430168	282.160685840994
1999.89067815748	106.771569140588	287.356611917543
1999.92612225036	106.434579595036	291.669079911582
1999.96156634325	107.717628552075	320.608566397588
1999.99701043613	108.774373408381	323.248494223766
2000.03245452901	106.240036938038	304.782007519343
2000.06789862189	103.161982539751	294.348950527808
2000.10334271478	107.396506088184	295.607037441562
2000.13878680766	109.700343449948	300.491084406827
2000.17423090054	107.036272651974	313.731242829948
2000.20967499342	110.140668080459	336.495850818272
2000.24511908631	107.940253008178	344.730871836943
2000.28056317919	134.581160339575	367.051065014481
2000.31600727207	142.115409315466	384.382251995976
2000.35145136495	151.179954008473	398.600891324104
2000.38689545784	160.75952817164	410.307175729988
2000.42233955072	162.526493932949	412.708110372534
2000.4577836436	177.226816591116	415.714363451332
2000.49322773648	191.15125529424	425.761922043208
2000.52867182937	215.845492023714	438.643560973848
2000.56411592225	214.362786634583	443.086244627224
2000.59956001513	238.269443898776	446.925393150096
2000.63500410801	268.970163419194	457.913918016766
2000.6704482009	274.154582716716	450.299360890794
2000.70589229378	277.202792853172	437.247531436731
2000.74133638666	290.841675160737	428.642792220511
2000.77678047954	292.587096910606	430.124989970248
2000.81222457243	294.376867754325	434.731507881513
2000.84766866531	295.207987327605	425.589852140235
2000.88311275819	293.991932500907	420.380429674905
2000.91855685107	287.102438666766	415.4467346705
2000.95400094396	285.50357845117	407.291796070294
2000.98944503684	284.500747611042	405.908976911752
2001.02488912972	289.827604008767	403.121367446846
2001.0603332226	288.750693024631	400.066224482865
2001.09577731549	287.584565613601	403.84348117962
2001.13122140837	278.320712810134	391.791647519423
2001.16666550125	283.680363993284	401.081006463501
2001.20210959413	277.361982543226	386.33520696823
2001.23755368702	267.620251843575	379.726937860136
2001.2729977799	248.56920919566	375.46271074125
2001.30844187278	239.81223533762	379.70085566217
2001.34388596566	227.743087514407	369.129903456812
2001.37933005855	217.219633029593	367.301897134947
2001.41477415143	197.034405822368	364.583318325276
2001.45021824431	182.728141789984	361.90181719748
2001.48566233719	178.595948887875	360.053590550883
2001.52110643008	220.050060120511	372.158462423996
2001.55655052296	217.551980716461	371.194832208895
2001.59199461584	213.3305016593	378.456945986472
2001.62743870872	209.584547525788	377.286170406536
2001.66288280161	212.054801946344	390.982665146675
2001.69832689449	212.150563349444	387.263857910733
2001.73377098737	214.833585739166	393.537968205539
2001.76921508025	222.353532054662	395.095062007232
2001.80465917314	224.58188153677	407.468411360535
2001.84010326602	239.244288924712	413.208131199235
2001.8755473589	243.227686004506	425.00350719022
2001.91099145178	245.652848586871	432.004569157648
2001.94643554467	252.84581014639	440.08192808437
2001.98187963755	255.319700467153	451.618911842293
2002.01732373043	257.612769843791	470.447529132647
2002.05276782331	254.768694641467	487.20757612913
2002.0882119162	258.547628309354	505.880157364725
2002.12365600908	220.599963222255	407.469472242383
2002.15910010196	203.08843945327	397.706976433271
2002.19454419484	159.597300944144	342.003455177048
2002.22998828773	137.928268045242	267.639581503741
2002.26543238061	132.036534104375	248.034586594969
2002.30087647349	126.122259353923	255.076340793222
2002.33632056637	120.535690596172	256.830056431255
2002.37176465926	117.443210260163	257.524598862025
2002.40720875214	107.567396059428	257.73529402185
2002.44265284502	102.724871051762	260.999823825327
2002.4780969379	97.5832281055789	263.716154756833
2002.51354103079	140.450791050893	267.364986906362
2002.54898512367	146.907677100964	269.306334553736
2002.58442921655	146.48713347808	271.435579156474
2002.61987330943	142.747492259305	273.742726945506
2002.65531740232	138.137816118944	274.852835776393
2002.6907614952	136.837480559292	273.508628203127
2002.72620558808	136.464727198088	273.796212893329
2002.76164968096	136.184353211061	274.119925189493
2002.79709377385	135.864527213023	274.487889731273
2002.83253786673	135.496605198211	277.150045462373
2002.86798195961	135.069211088682	278.493071825964
2002.90342605249	134.355312482841	276.679320606288
2002.93887014538	132.624449828084	276.698469550169
2002.97431423826	130.565249852025	278.471314127679
2003.00975833114	128.014006552184	279.049479100944
2003.04520242402	125.328800638068	285.154706250019
2003.08064651691	122.104161776157	292.522851163964
2003.11609060979	116.420079526444	298.937484242266
2003.15153470267	94.8054295419134	225.454608756307
2003.18697879555	90.5248331626489	223.649642061798
2003.22242288844	86.3699583657921	219.124126698518
2003.25786698132	66.2122996170933	187.70227668391
2003.2933110742	62.5649329144386	173.618120571044
2003.32875516708	59.6543728610622	166.871453809286
2003.36419925997	54.5375289571182	154.275633266895
2003.39964335285	49.9438138469966	148.185907502689
2003.43508744573	45.8626798586665	143.205207474126
2003.47053153861	39.0073228419621	137.696769021609
2003.5059756315	29.7236924184117	130.059515767942
2003.54141972438	29.7232525000506	129.980337543418
2003.57686381726	29.7228598216462	129.895511497899
2003.61230791014	29.7225232335499	129.804509739886
2003.64775200303	29.7204445085217	129.70678760045
2003.68319609591	29.6815776258771	129.862166737073
2003.71864018879	29.5898154691899	130.292634327173
2003.75408428167	29.4812944926833	130.794699638919
2003.78952837456	29.3531892347818	131.387759124744
2003.82497246744	29.1996700298482	132.098907653635
2003.86041656032	29.0123385504594	132.360311163314
2003.8958606532	28.7786379307241	132.347788836104
2003.93130474609	25.4664743935945	251.671166612204
2003.96674883897	24.9349556011554	260.512302267843
2004.00219293185	24.0947055478932	271.01444284586
2004.03763702473	22.7347622213296	284.520028252454
2004.07308111762	20.9222757630655	302.528105558747
2004.1085252105	17.474488099833	332.511647810251
2004.14396930338	13.3049887129394	371.424793219775
2004.17941339626	12.6318966404634	395.69250872375
2004.21485748915	11.770123033986	423.492466512911
2004.25030158203	10.556380109023	459.984898134565
2004.28574567491	7.6669452226245	470.826530698116
2004.32118976779	7.62107412879709	471.04497217514
2004.35663386068	7.62102799449452	470.909063278901
2004.39207795356	7.62098185893817	470.772888325408
