time	95%HPD_lower_value	95%HPD_higher_value
1999.26027314515	NA	NA
1999.34720927942	0	0
1999.4341454137	0	0
1999.52108154797	0	0
1999.60801768225	0	2.83467277878672
1999.69495381652	0	20.5570279150274
1999.7818899508	0	30.6312129959554
1999.86882608507	0	63.58168982612
1999.95576221934	0	96.933953235519
2000.04269835362	0	104.221909244508
2000.12963448789	0	174.154756817404
2000.21657062217	0	518.920031806235
2000.30350675644	0	591.021125843134
2000.39044289072	0	650.629863902877
2000.47737902499	0	757.715895125616
2000.56431515926	5.47545281121088	922.979723214112
2000.65125129354	14.2479915594463	1223.19989229171
2000.73818742781	22.316589760904	1703.57956104098
2000.82512356209	54.4365803380282	2188.25651131111
2000.91205969636	289.538489017074	2644.56917525063
2000.99899583064	483.7232354852	3248.32991861474
2001.08593196491	726.22406541486	3767.77046364528
2001.17286809918	978.66752845729	4222.48129035529
2001.25980423346	1167.62653601665	4723.72547802168
2001.34674036773	1478.22845579632	4802.34217003722
2001.43367650201	1774.20602524292	4811.77284809381
2001.52061263628	1953.85418311232	4976.87851042281
2001.60754877055	2163.04954102502	5206.4174168986
2001.69448490483	2394.024135938	5496.68778246631
2001.7814210391	2568.63994827224	5838.26980905771
2001.86835717338	2677.11502175132	6133.78567238845
2001.95529330765	2898.31096119285	6340.42415701166
2002.04222944193	3001.97106637231	6670.92420351589
2002.1291655762	3029.65453837195	6680.07786303031
2002.21610171047	3137.66781356345	6879.76134440046
2002.30303784475	3181.86138936071	6936.47718606996
2002.38997397902	3254.34767872777	6938.12283313767
2002.4769101133	3309.32017515092	6939.76814138189
2002.56384624757	3453.40432007224	6941.41311059261
2002.65078238185	3587.85829986951	7073.96238182487
2002.73771851612	3676.90179573701	7278.01385589883
2002.82465465039	3713.00742906265	7374.62110041709
2002.91159078467	3792.14047530264	7564.58962433563
2002.99852691894	3836.6945310865	7583.03775987068
2003.08546305322	3898.76561511071	7896.07224830513
2003.17239918749	3900.47735373927	7909.03753345646
2003.25933532177	3902.18899043225	7921.99030294789
2003.34627145604	3903.9005251093	7934.93049086676
2003.43320759031	3935.07892972723	7947.85803121738
2003.52014372459	3940.88360112005	7960.77285790967
2003.60707985886	3954.73317541677	8125.26451353568
2003.69401599314	3959.24179500055	8137.43799931833
2003.78095212741	3979.81670168591	8213.48984892138
2003.86788826169	3992.36998482361	8646.42721681855
2003.95482439596	4017.13396334756	8647.69864242635
2004.04176053023	4041.49240053076	8688.06030991128
2004.12869666451	4058.03894352402	8704.37024898679
2004.21563279878	4060.99431865031	8720.66546032266
2004.30256893306	4069.07685616882	8736.94586799853
2004.38950506733	4127.70112943349	8753.21139597135
2004.4764412016	4128.05510913644	8769.46196807312
2004.56337733588	4128.409076648	8785.69750801372
2004.65031347015	4128.76303190318	8786.23643739327
2004.73724960443	4129.87590628772	8786.77539257766
2004.8241857387	4138.53474702715	8787.31437356206
2004.91112187298	4175.03416960234	8787.85338034194
2004.99805800725	4201.26996882819	8791.94097426304
2005.08499414152	4201.26996882819	8798.44886570918
2005.1719302758	4201.26996882819	8804.95719182473
2005.25886641007	4204.0066172001	8811.4659517051
2005.34580254435	4211.52082229848	8817.97514444547
2005.43273867862	4219.0350668375	8824.48476914119
2005.5196748129	4226.54935070981	8830.99482488765
2005.60661094717	4257.95247320255	8837.50531078052
2005.69354708144	4265.42701325234	8837.50531078052
2005.78048321572	4284.0169399317	8837.50531078052
2005.86741934999	4302.58384427534	8837.50531078052
2005.95435548427	4320.998474383	8837.50531078052
2006.04129161854	4337.75499930912	8837.50531078052
2006.12822775282	4345.66548485391	8837.50531078052
2006.21516388709	4345.66548485391	8837.50531078052
2006.30210002136	4345.66548485391	8837.50531078052
2006.38903615564	4345.66548485391	8837.50531078052
2006.47597228991	4345.66548485391	8837.50531078052
2006.56290842419	4345.66548485391	8837.50531078052
2006.64984455846	4345.66548485391	8837.50531078052
2006.73678069274	4345.66548485391	8837.50531078052
2006.82371682701	4345.66548485391	8837.50531078052
2006.91065296128	4345.66548485391	8837.50531078052
2006.99758909556	4345.66548485391	8837.50531078052
2007.08452522983	4469.00700591882	8837.50531078052
2007.17146136411	4470.98710178259	8837.50531078052
2007.25839749838	4554.9814587234	8837.50531078052
2007.34533363266	4566.10186593488	8837.50531078052
2007.43226976693	4567.8700082457	8837.50531078052
2007.5192059012	4569.63787665431	8837.50531078052
2007.60614203548	4571.40547096248	8837.50531078052
2007.69307816975	4573.17279097375	8837.50531078052
2007.78001430403	4574.82179038098	8837.50531078052
2007.8669504383	4576.420297316	8837.50531078052
2007.95388657257	4577.85208670184	8837.50531078052
2008.04082270685	4577.85208670184	8837.50531078052
2008.12775884112	4577.85208670184	8837.50531078052
2008.2146949754	4577.85208670184	8837.50531078052
2008.30163110967	4577.85208670184	8837.50531078052
2008.38856724395	4577.85208670184	8837.50531078052
2008.47550337822	4577.85208670184	8837.50531078052
2008.56243951249	4577.85208670184	8837.50531078052
2008.64937564677	4584.17504396031	8837.50531078052
2008.73631178104	4598.08760694637	8837.50531078052
2008.82324791532	4598.08760694637	8837.50531078052
2008.91018404959	4598.08760694637	8837.50531078052
2008.99712018387	4598.08760694637	8837.50531078052
2009.08405631814	4598.08760694637	8837.50531078052
2009.17099245241	4598.08760694637	8837.50531078052
2009.25792858669	4598.08760694637	8837.50531078052
2009.34486472096	4598.08760694637	8837.50531078052
2009.43180085524	4598.08760694637	8837.50531078052
2009.51873698951	4598.08760694637	8837.50531078052
2009.60567312379	4598.08760694637	8837.50531078052
2009.69260925806	4598.08760694637	8837.50531078052
2009.77954539233	4598.08760694637	8837.50531078052
2009.86648152661	4598.08760694637	8837.50531078052
2009.95341766088	4598.08760694637	8841.3636054128
2010.04035379516	4598.08760694637	8850.24439510265
2010.12728992943	4616.25161722104	8859.11732438433
2010.21422606371	4629.00165929525	8867.98236631546
2010.30116219798	4629.00165929525	8876.83949390759
2010.38809833225	4629.00165929525	8885.68868012599
2010.47503446653	4629.00165929525	8894.5298978898
2010.5619706008	4629.00165929525	8903.36312007176
2010.64890673508	4629.00165929525	8912.18831949832
2010.73584286935	4629.00165929525	8921.00546894952
2010.82277900363	4629.00165929525	8921.00546894952
2010.9097151379	4629.00165929525	8921.00546894952
2010.99665127217	4629.00165929525	8921.00546894952
2011.08358740645	4629.00165929525	8921.00546894952
2011.17052354072	4629.00165929525	8921.00546894952
2011.257459675	4629.00165929525	8921.00546894952
2011.34439580927	4629.00165929525	8921.00546894952
2011.43133194355	4629.00165929525	8921.00546894952
2011.51826807782	4629.00165929525	8921.00546894952
2011.60520421209	4629.00165929525	8921.00546894952
2011.69214034637	4629.00165929525	8921.00546894952
2011.77907648064	4629.00165929525	8921.00546894952
2011.86601261492	4629.00165929525	8921.00546894952
2011.95294874919	4629.00165929525	8921.00546894952
2012.03988488346	4629.00165929525	8921.00546894952
2012.12682101774	4629.00165929525	8921.00546894952
2012.21375715201	4629.00165929525	8921.00546894952
2012.30069328629	4629.00165929525	8921.00546894952
2012.38762942056	4629.06168489276	8921.00546894952
2012.47456555484	4642.65335524137	8921.00546894952
2012.56150168911	4642.65335524137	8921.00546894952
2012.64843782338	4642.65335524137	8921.00546894952
2012.73537395766	4642.65335524137	8921.00546894952
2012.82231009193	4642.65335524137	8921.00546894952
2012.90924622621	4642.65335524137	8921.00546894952
2012.99618236048	4642.65335524137	8921.00546894952
2013.08311849476	4642.65335524137	8921.00546894952
2013.17005462903	4642.65335524137	8921.00546894952
2013.2569907633	4642.65335524137	8921.00546894952
2013.34392689758	4642.65335524137	8921.00546894952
2013.43086303185	4642.65335524137	8921.00546894952
2013.51779916613	4642.65335524137	8921.00546894952
2013.6047353004	4642.65335524137	8921.00546894952
2013.69167143468	4642.65335524137	8921.00546894952
2013.77860756895	4642.65335524137	8921.00546894952
2013.86554370322	4642.65335524137	8921.00546894952
2013.9524798375	4642.65335524137	8921.00546894952
2014.03941597177	4642.65335524137	8921.00546894952
2014.12635210605	4642.65335524137	8921.00546894952
2014.21328824032	4642.65335524137	8921.00546894952
2014.3002243746	4642.65335524137	8921.00546894952
2014.38716050887	4642.65335524137	8921.00546894952
2014.47409664314	4642.65335524137	8921.00546894952
2014.56103277742	4642.65335524137	8921.00546894952
2014.64796891169	4658.10310033566	8921.00546894952
2014.73490504597	4687.08523309563	8921.00546894952
2014.82184118024	4714.25021323681	8921.00546894952
2014.90877731451	4725.29477311253	8921.00546894952
2014.99571344879	4752.70477200986	8921.00546894952
2015.08264958306	4752.70477200986	8921.00546894952
2015.16958571734	4752.70477200986	8921.00546894952
2015.25652185161	4752.70477200986	8921.00546894952
2015.34345798589	4752.70477200986	8921.00546894952
2015.43039412016	4752.70477200986	8921.00546894952
2015.51733025443	4752.70477200986	8921.00546894952
2015.60426638871	4752.70477200986	8921.00546894952
2015.69120252298	4752.70477200986	8921.00546894952
2015.77813865726	4752.70477200986	8921.00546894952
2015.86507479153	4752.70477200986	8921.00546894952
2015.95201092581	4752.70477200986	8921.00546894952
2016.03894706008	4752.70477200986	8921.00546894952
2016.12588319435	4752.70477200986	8921.00546894952
2016.21281932863	4752.70477200986	8921.00546894952
2016.2997554629	4752.70477200986	8921.00546894952
2016.38669159718	4752.70477200986	8921.00546894952
2016.47362773145	4752.70477200986	8921.00546894952
2016.56056386573	4763.76048489055	8921.00546894952
2016.6475	4774.75664255278	8921.00546894952
