time	95%HPD_lower_value	95%HPD_higher_value
2000.03716257607	NA	NA
2000.11025076319	0	0
2000.18333895031	0	0
2000.25642713743	0	10.3939745571966
2000.32951532455	0	25.8771550575088
2000.40260351167	0	61.4254923783769
2000.47569169879	0	195.544653687682
2000.54877988591	0	354.931554634428
2000.62186807303	0	773.819999096656
2000.69495626015	0	1155.5925740246
2000.76804444727	0	1545.10546418476
2000.84113263439	0	2078.82609226611
2000.91422082151	0	2958.50944356536
2000.98730900863	8.11429405963187	2973.33334370913
2001.06039719575	20.3654980109112	3425.77695630761
2001.13348538286	62.5350086345686	3554.65776621786
2001.20657356998	170.211966053734	3554.67928004537
2001.2796617571	423.318192388007	3645.33015782648
2001.35274994422	723.348530550227	3656.15212794909
2001.42583813134	803.854841732279	3656.15212794909
2001.49892631846	941.450295017113	3656.15212794909
2001.57201450558	1100.86160292016	3656.15212794909
2001.6451026927	1256.41037068113	3656.15212794909
2001.71819087982	1369.50125855859	3668.40973669058
2001.79127906694	1465.09276105075	3800.72946960849
2001.86436725406	1551.42856812693	3952.82249699442
2001.93745544118	1638.74799017822	3975.63038844243
2002.0105436283	1759.44267624864	4073.23844589606
2002.08363181542	1828.95818953338	4133.9466602852
2002.15672000254	1915.93276390626	4133.9466602852
2002.22980818966	2006.52462003001	4133.9466602852
2002.30289637678	2057.0097473207	4133.9466602852
2002.3759845639	2123.47070089616	4133.9466602852
2002.44907275102	2253.80154232908	4133.9466602852
2002.52216093814	2335.49618289299	4133.9466602852
2002.59524912526	2344.17816718769	4133.9466602852
2002.66833731238	2352.86279503281	4133.9466602852
2002.7414254995	2360.04713656534	4133.9466602852
2002.81451368662	2436.11500563382	4142.67199275719
2002.88760187374	2508.31116873777	4142.67199275719
2002.96069006086	2564.8483130655	4142.67199275719
2003.03377824798	2625.23374430863	4142.67199275719
2003.1068664351	2625.23374430863	4142.67199275719
2003.17995462221	2625.23374430863	4142.67199275719
2003.25304280933	2673.08259586691	4142.67199275719
2003.32613099645	2743.78512033508	4142.67199275719
2003.39921918357	2769.75613100031	4142.67199275719
2003.47230737069	2775.47809891486	4142.67199275719
2003.54539555781	2787.51990308297	4142.67199275719
2003.61848374493	2799.77663777832	4142.67199275719
2003.69157193205	2812.24278367682	4142.67199275719
2003.76466011917	2824.91291554815	4142.67199275719
2003.83774830629	2851.59597811251	4142.67199275719
2003.91083649341	2889.46905706172	4142.67199275719
2003.98392468053	2927.51986800762	4142.67199275719
2004.05701286765	2962.0668354556	4142.67199275719
2004.13010105477	2977.61561978206	4142.67199275719
2004.20318924189	2991.40139208011	4142.67199275719
2004.27627742901	3005.35604349625	4142.67199275719
2004.34936561613	3019.47498766241	4142.67199275719
2004.42245380325	3033.75374709472	4142.67199275719
2004.49554199037	3048.18795290804	4142.67199275719
2004.56863017749	3061.55973314524	4142.67199275719
2004.64171836461	3074.8890685177	4142.67199275719
2004.71480655173	3088.34777091605	4142.67199275719
2004.78789473885	3101.93227349951	4142.67199275719
2004.86098292597	3110.20142324052	4142.67199275719
2004.93407111309	3113.75883762644	4142.67199275719
2005.00715930021	3117.31898272214	4142.67199275719
2005.08024748733	3120.88184547911	4142.67199275719
2005.15333567445	3124.44741293813	4142.67199275719
2005.22642386157	3128.01567222863	4142.67199275719
2005.29951204868	3131.58661056782	4143.24775439163
2005.3726002358	3135.16021526006	4144.4797445092
2005.44568842292	3138.73647369597	4148.84008752681
2005.51877661004	3142.31537335185	4155.24813213327
2005.59186479716	3145.89690178882	4161.80506475379
2005.66495298428	3146.84510961371	4163.20365118237
2005.7380411714	3148.53345807344	4163.76912754705
2005.81112935852	3150.22140155404	4165.03149255952
2005.88421754564	3151.90893883605	4166.29888526555
2005.95730573276	3153.59606870382	4167.57129568755
2006.03039391988	3155.28278994542	4168.84871383432
2006.103482107	3156.96910135269	4170.13112970144
2006.17657029412	3158.65500172115	4171.4185332715
2006.24965848124	3160.34048985003	4172.71091451447
2006.32274666836	3162.02556454219	4174.00826338788
2006.39583485548	3163.71022460418	4175.34180884058
2006.4689230426	3165.39446884612	4176.7866684794
2006.54201122972	3166.79132982775	4178.23698527967
2006.61509941684	3215.89365937688	4179.69274809031
2006.68818760396	3220.79138166677	4181.15394574821
2006.76127579108	3222.47395080151	4182.62056707844
2006.8343639782	3224.4075828326	4184.09260089465
2006.90745216532	3248.12624841684	4185.57003599934
2006.98054035244	3255.92717657473	4186.761644117
2007.05362853956	3255.92717657473	4186.761644117
2007.12671672668	3255.92717657473	4186.761644117
2007.1998049138	3255.92717657473	4186.761644117
2007.27289310092	3255.92717657473	4186.761644117
2007.34598128804	3255.92717657473	4186.761644117
2007.41906947515	3255.92717657473	4186.761644117
2007.49215766227	3255.92717657473	4186.761644117
2007.56524584939	3255.92717657473	4186.761644117
2007.63833403651	3255.92717657473	4186.761644117
2007.71142222363	3255.92717657473	4186.761644117
2007.78451041075	3255.92717657473	4186.761644117
2007.85759859787	3255.92717657473	4186.761644117
2007.93068678499	3255.92717657473	4186.761644117
2008.00377497211	3350.63043970815	4186.761644117
2008.07686315923	3350.63043970815	4186.761644117
2008.14995134635	3350.63043970815	4186.761644117
2008.22303953347	3350.63043970815	4186.761644117
2008.29612772059	3350.63043970815	4186.761644117
2008.36921590771	3350.63043970815	4186.761644117
2008.44230409483	3350.63043970815	4186.761644117
2008.51539228195	3350.63043970815	4186.761644117
2008.58848046907	3350.63043970815	4186.761644117
2008.66156865619	3350.63043970815	4186.761644117
2008.73465684331	3350.63043970815	4186.761644117
2008.80774503043	3350.63043970815	4186.761644117
2008.88083321755	3350.63043970815	4186.761644117
2008.95392140467	3350.63043970815	4186.761644117
2009.02700959179	3350.63043970815	4186.761644117
2009.10009777891	3350.63043970815	4186.761644117
2009.17318596603	3350.63043970815	4186.761644117
2009.24627415315	3350.63043970815	4186.761644117
2009.31936234027	3350.63043970815	4186.761644117
2009.39245052739	3350.63043970815	4186.761644117
2009.4655387145	3350.63043970815	4186.761644117
2009.53862690162	3408.50004900143	4190.53816885142
2009.61171508874	3408.50004900143	4196.39348945732
2009.68480327586	3408.50004900143	4199.170067679
2009.75789146298	3408.50004900143	4199.170067679
2009.8309796501	3408.50004900143	4199.170067679
2009.90406783722	3408.50004900143	4199.170067679
2009.97715602434	3408.50004900143	4199.170067679
2010.05024421146	3408.50004900143	4199.170067679
2010.12333239858	3408.50004900143	4199.170067679
2010.1964205857	3408.50004900143	4199.170067679
2010.26950877282	3408.50004900143	4199.170067679
2010.34259695994	3408.50004900143	4199.170067679
2010.41568514706	3408.50004900143	4199.170067679
2010.48877333418	3408.50004900143	4199.170067679
2010.5618615213	3408.50004900143	4199.170067679
2010.63494970842	3408.50004900143	4199.170067679
2010.70803789554	3408.50004900143	4199.170067679
2010.78112608266	3408.50004900143	4199.170067679
2010.85421426978	3408.50004900143	4199.170067679
2010.9273024569	3408.50004900143	4199.170067679
2011.00039064402	3408.50004900143	4199.170067679
2011.07347883114	3408.50004900143	4199.170067679
2011.14656701826	3408.50004900143	4199.170067679
2011.21965520538	3408.50004900143	4199.170067679
2011.2927433925	3408.50004900143	4199.170067679
2011.36583157962	3408.50004900143	4199.170067679
2011.43891976674	3408.50004900143	4199.170067679
2011.51200795386	3408.50004900143	4199.170067679
2011.58509614097	3408.50004900143	4199.170067679
2011.65818432809	3408.50004900143	4199.170067679
2011.73127251521	3408.50004900143	4199.170067679
2011.80436070233	3408.50004900143	4199.170067679
2011.87744888945	3408.50004900143	4199.170067679
2011.95053707657	3408.50004900143	4199.170067679
2012.02362526369	3408.50004900143	4199.170067679
2012.09671345081	3408.50004900143	4199.170067679
2012.16980163793	3408.50004900143	4199.170067679
2012.24288982505	3408.50004900143	4199.170067679
2012.31597801217	3408.50004900143	4199.170067679
2012.38906619929	3408.50004900143	4199.170067679
2012.46215438641	3408.50004900143	4199.170067679
2012.53524257353	3408.50004900143	4199.170067679
2012.60833076065	3408.50004900143	4199.170067679
2012.68141894777	3408.50004900143	4199.170067679
2012.75450713489	3408.50004900143	4199.170067679
2012.82759532201	3408.50004900143	4199.170067679
2012.90068350913	3408.50004900143	4199.170067679
2012.97377169625	3408.50004900143	4199.170067679
2013.04685988337	3408.50004900143	4199.170067679
2013.11994807049	3408.50004900143	4199.170067679
2013.19303625761	3408.50004900143	4199.170067679
2013.26612444473	3408.50004900143	4199.170067679
2013.33921263185	3408.50004900143	4199.170067679
2013.41230081897	3408.50004900143	4199.170067679
2013.48538900609	3408.50004900143	4199.170067679
2013.55847719321	3408.50004900143	4199.170067679
2013.63156538032	3408.50004900143	4199.170067679
2013.70465356744	3408.50004900143	4199.170067679
2013.77774175456	3408.50004900143	4199.170067679
2013.85082994168	3408.50004900143	4199.170067679
2013.9239181288	3408.50004900143	4199.170067679
2013.99700631592	3408.50004900143	4199.170067679
2014.07009450304	3408.50004900143	4199.170067679
2014.14318269016	3408.50004900143	4199.170067679
2014.21627087728	3408.50004900143	4199.170067679
2014.2893590644	3408.50004900143	4199.170067679
2014.36244725152	3408.50004900143	4199.170067679
2014.43553543864	3408.50004900143	4199.170067679
2014.50862362576	3408.50004900143	4199.170067679
2014.58171181288	3408.50004900143	4199.170067679
2014.6548	3408.50004900143	4199.170067679
