time	velocity
1997.36929771994	86.2074068310479
1997.46593031282	122.543454365582
1997.56256290571	273.261916792613
1997.65919549859	448.218182536856
1997.75582809147	310.82342905121
1997.85246068435	317.257283551795
1997.94909327724	397.428912547425
1998.04572587012	400.314497189529
1998.142358463	370.246586953464
1998.23899105588	379.496636414407
1998.33562364877	359.662930029957
1998.43225624165	357.532243138849
1998.52888883453	343.466666231863
1998.62552142741	308.961069230704
1998.7221540203	303.962995870319
1998.81878661318	297.406476302821
1998.91541920606	274.710536884176
1999.01205179894	242.196066361611
1999.10868439183	232.547360638753
1999.20531698471	224.019583316659
1999.30194957759	232.067885876754
1999.39858217047	250.231513700279
1999.49521476336	399.737866749388
1999.59184735624	382.347652193631
1999.68847994912	681.660048105385
1999.785112542	614.301622841522
1999.88174513489	625.877101444052
1999.97837772777	653.525776222359
2000.07501032065	653.709024079177
2000.17164291353	728.659766963945
2000.26827550642	1070.7337889369
2000.3649080993	1801.05882050329
2000.46154069218	2052.57828684624
2000.55817328506	2119.90629322468
2000.65480587795	2156.07413128372
2000.75143847083	1999.69403561042
2000.84807106371	1973.14035304005
2000.94470365659	1953.91393048466
2001.04133624948	1948.3581726833
2001.13796884236	1947.96718214187
2001.23460143524	1976.81596521393
2001.33123402812	1629.48668818884
2001.42786662101	1535.70176395742
2001.52449921389	1309.08998353416
2001.62113180677	1044.05673443109
2001.71776439965	991.875246984575
2001.81439699254	996.809115011518
2001.91102958542	1000.94359968679
2002.0076621783	1002.95974196797
2002.10429477118	996.983481484927
2002.20092736407	950.897112956076
2002.29755995695	1097.98064043087
2002.39419254983	1092.82383950959
2002.49082514271	976.812171297278
2002.5874577356	879.960621331338
2002.68409032848	875.186964118274
2002.78072292136	877.713397558494
2002.87735551424	879.623222949425
2002.97398810713	884.172695131184
2003.07062070001	883.055710950393
2003.16725329289	875.26318831827
2003.26388588577	565.442998070095
2003.36051847866	397.815673641418
2003.45715107154	390.863169950686
2003.55378366442	334.573036324824
2003.6504162573	325.860657890938
2003.74704885019	324.091223451806
2003.84368144307	325.220994956735
2003.94031403595	316.989253112672
2004.03694662883	303.285847039805
2004.13357922172	294.002629719718
2004.2302118146	310.397849453628
2004.32684440748	219.417758837843
2004.42347700036	188.224709123039
2004.52010959325	158.667136380883
2004.61674218613	180.818792992228
2004.71337477901	193.345976834948
2004.81000737189	198.949075816513
2004.90663996478	202.32851803003
2005.00327255766	197.392522092094
2005.09990515054	202.234468973175
2005.19653774342	209.593028217939
2005.29317033631	211.33339602859
2005.38980292919	219.659103446226
2005.48643552207	225.182160135011
2005.58306811495	215.762672724093
2005.67970070784	199.911130375061
2005.77633330072	192.013389514376
2005.8729658936	188.940968117632
2005.96959848648	226.50774150014
2006.06623107937	252.036803539677
2006.16286367225	293.346749201965
2006.25949626513	326.037880203136
2006.35612885801	333.804071622058
2006.4527614509	379.689651643132
2006.54939404378	637.454561867911
2006.64602663666	866.176783888046
2006.74265922954	899.876523812276
2006.83929182243	877.846958840994
2006.93592441531	798.244772753513
2007.03255700819	772.63258863551
2007.12918960107	755.345897568095
2007.22582219396	739.958215003248
2007.32245478684	705.366929770122
2007.41908737972	684.480822045425
2007.5157199726	454.943938741707
2007.61235256549	273.7296331936
2007.70898515837	274.956317271449
2007.80561775125	266.788600577639
2007.90225034413	265.006824861715
2007.99888293702	264.790651836972
2008.0955155299	244.805162971085
2008.19214812278	178.605042134208
2008.28878071566	171.827969182788
2008.38541330855	157.873166425611
2008.48204590143	135.811288183111
2008.57867849431	160.24727082696
2008.67531108719	172.904599938015
2008.77194368008	171.245507146542
2008.86857627296	224.052479386103
2008.96520886584	233.721654890431
2009.06184145872	256.036896646308
2009.15847405161	283.405167735612
2009.25510664449	290.89598044032
2009.35173923737	311.960046826883
2009.44837183025	327.75667194418
2009.54500442314	315.694940776735
2009.64163701602	316.314512809952
2009.7382696089	311.900099901436
2009.83490220178	255.881620306159
2009.93153479467	259.186263866185
2010.02816738755	266.836263921114
2010.12479998043	263.910665774391
2010.22143257331	269.580607335425
2010.3180651662	302.861220360823
2010.41469775908	292.591108427864
2010.51133035196	290.939379530734
2010.60796294484	288.524673704843
2010.70459553773	291.607214456561
2010.80122813061	287.739031042648
2010.89786072349	279.462065966833
2010.99449331637	274.615171293997
2011.09112590926	257.106230881093
2011.18775850214	249.92785085225
2011.28439109502	201.363639736403
2011.3810236879	192.482203222803
2011.47765628079	180.022613198431
2011.57428887367	180.845172214006
2011.67092146655	146.141825074122
2011.76755405943	140.198395088928
2011.86418665232	141.080448959788
2011.9608192452	168.415623410852
2012.05745183808	185.609690594118
2012.15408443096	190.211667832989
2012.25071702385	173.648715397097
2012.34734961673	176.01357972042
2012.44398220961	177.597123080864
2012.54061480249	179.495701351148
2012.63724739538	180.781858262097
2012.73387998826	182.135673128078
2012.83051258114	183.645733980619
2012.92714517402	187.23183366835
2013.02377776691	160.439522491754
2013.12041035979	107.210919519198
2013.21704295267	61.657499941835
2013.31367554555	61.9003284323559
2013.41030813844	61.9040532631742
2013.50694073132	61.9075988798881
2013.6035733242	61.9109654416231
2013.70020591708	61.9141530846175
2013.79683850997	61.917161922443
2013.89347110285	61.9199920456066
2013.99010369573	62.6188231372771
2014.08673628861	78.8982257951388
2014.1833688815	67.5668817388059
2014.28000147438	59.4175163173116
2014.37663406726	59.3596132245602
2014.47326666014	59.3918758572131
2014.56989925303	59.6437509771935
2014.66653184591	59.4602218767113
2014.76316443879	61.9806346393715
2014.85979703167	64.9553332060537
2014.95642962456	103.798282286305
2015.05306221744	119.256952586191
2015.14969481032	106.149141853215
2015.2463274032	129.270210779705
2015.34295999609	129.237308001479
2015.43959258897	129.237627290586
2015.53622518185	129.467284531382
2015.63285777473	129.811906908657
2015.72949036762	129.611844217093
2015.8261229605	130.499902796751
2015.92275555338	131.338072030609
2016.01938814626	94.2709645000023
2016.11602073915	97.3800837163588
2016.21265333203	220.943427343268
2016.30928592491	220.946896179573
2016.40591851779	220.949914358667
2016.50255111068	220.952482391002
2016.59918370356	220.95460077587
