time	95%HPD_lower_value	95%HPD_higher_value
1997.33870346994	15.1050139597248	258.117760043825
1997.37414756282	15.7558300023009	234.049354127641
1997.40959165571	15.7559465147057	508.698882318729
1997.44503574859	15.7560630204587	508.699136125962
1997.48047984147	19.771119165525	919.635682624592
1997.51592393435	28.3984040731442	633.737359213805
1997.55136802724	24.192847407402	1633.52536720756
1997.58681212012	24.5549948638585	1300.49229285601
1997.622256213	20.1475851004177	5207.05651727642
1997.65770030588	20.72191816776	1884.19324378484
1997.69314439877	21.6906584283887	1246.08104040685
1997.72858849165	22.5779769104949	1111.88843965031
1997.76403258453	21.812858888076	1450.50138374437
1997.79947667741	30.7261147178449	963.522944244568
1997.8349207703	31.5231803436354	938.08891126502
1997.87036486318	31.2935962401562	1378.57515871918
1997.90580895606	32.0361568904511	1416.74689568831
1997.94125304894	34.524687524261	1914.41644047566
1997.97669714183	47.9591615462153	2810.00706996932
1998.01214123471	67.5571181772407	2531.00180022186
1998.04758532759	76.9167898085424	2137.01618180389
1998.08302942047	74.6958657752215	1974.93244964214
1998.11847351336	76.7690283840385	1787.16917478251
1998.15391760624	83.9725760643608	1728.64228952301
1998.18936169912	75.4128692581597	1703.30995088316
1998.224805792	84.3966530472932	1767.34962209796
1998.26024988489	84.3938685941222	1767.3335594908
1998.29569397777	84.3910787443485	1611.53782049428
1998.33113807065	75.3994099792429	1611.53644061144
1998.36658216353	75.3960323957131	1515.37963044478
1998.40202625642	76.3811177233902	1477.73319386508
1998.4374703493	74.2751099620533	1441.35883412006
1998.47291444218	74.2731927516149	1441.36337749895
1998.50835853506	85.4815223295698	1441.3678976556
1998.54380262795	85.4804906560912	1441.3724592141
1998.57924672083	84.6759496823825	1441.37696888462
1998.61469081371	81.1334824651649	1441.381426705
1998.65013490659	79.8539834507936	1414.7376216304
1998.68557899948	79.8504601083623	1414.74184383209
1998.72102309236	79.8468539785622	1389.5584581105
1998.75646718524	74.2836417818381	1389.56459600759
1998.79191127812	78.1777433850174	1389.57068470401
1998.82735537101	81.2418667464281	1406.73831652692
1998.86279946389	76.1211339982899	1406.74439190348
1998.89824355677	65.5706628870208	1166.93394831634
1998.93368764965	68.2596077853349	1166.93949672124
1998.96913174254	58.076706451784	1021.50424919868
1999.00457583542	60.7719308520219	1006.93161380864
1999.0400199283	46.0732588018376	755.930532462239
1999.07546402118	44.6708424374179	977.270256028843
1999.11090811407	36.0365785628306	823.11144354878
1999.14635220695	42.8135525187701	1220.10722816443
1999.18179629983	63.1281618998648	1175.23014495861
1999.21724039271	56.6324773360364	831.326398293033
1999.2526844856	57.7359496449906	722.318109649533
1999.28812857848	63.5707414107952	660.184843497411
1999.32357267136	80.3340969858772	776.382492423214
1999.35901676424	87.6574424537334	637.925693420651
1999.39446085713	95.4900604550678	619.109263439855
1999.42990495001	102.892743883984	619.114368911464
1999.46534904289	88.516745243851	643.62166802014
1999.50079313577	103.695137608098	662.708187447828
1999.53623722866	118.382234174392	884.016751962073
1999.57168132154	118.076162117556	973.721851552114
1999.60712541442	114.071836518514	900.115824152383
1999.6425695073	112.586626148262	880.218357245974
1999.67801360019	125.174601682878	5113.84133054333
1999.71345769307	120.805849491367	5308.23215294755
1999.74890178595	119.008717385753	5308.34184762313
1999.78434587883	120.021024221997	6743.87758173465
1999.81978997172	123.453160430448	6530.11033402598
1999.8552340646	125.085600802077	6323.2872589577
1999.89067815748	128.780295982243	6019.26397730962
1999.92612225036	131.332512745974	6999.92983877714
1999.96156634325	129.392320603208	6836.4244439284
1999.99701043613	132.398558011275	6645.99333817757
2000.03245452901	137.935920711949	6388.21396372308
2000.06789862189	135.116100922837	6055.56141167112
2000.10334271478	128.490275419876	5951.93417913513
2000.13878680766	129.769698692474	5861.42277650231
2000.17423090054	123.546541689842	5683.83769529418
2000.20967499342	128.381504803183	5468.14633453056
2000.24511908631	141.214690112987	7561.02681927013
2000.28056317919	165.133861870769	8669.98363249084
2000.31600727207	221.999794495401	9916.92884646307
2000.35145136495	218.353818098826	9586.98330386787
2000.38689545784	256.897271707941	9587.00518950197
2000.42233955072	260.720887962423	9515.68248080247
2000.4577836436	257.050651926311	13776.3419788607
2000.49322773648	274.875970948035	13583.3273327629
2000.52867182937	317.43895111034	14619.1169315641
2000.56411592225	342.190443245383	13617.4757537233
2000.59956001513	371.258269321848	11501.0725553023
2000.63500410801	430.147146140913	9391.95305893937
2000.6704482009	434.475465057664	9322.42055785079
2000.70589229378	451.319619178357	7194.22442993174
2000.74133638666	451.838675793479	7199.40169746794
2000.77678047954	444.603814467935	7011.72408013106
2000.81222457243	438.164531310578	7068.60629236496
2000.84766866531	438.169249181085	7068.68753454531
2000.88311275819	438.62251597434	7057.3461156827
2000.91855685107	438.577280465445	7057.42534141107
2000.95400094396	434.577618601477	7092.07040714686
2000.98944503684	438.281247243554	7092.1004216843
2001.02488912972	480.054502652261	7158.02529282343
2001.0603332226	473.841242127422	7225.88434236203
2001.09577731549	469.196345537584	7226.06665974283
2001.13122140837	484.727571248699	7135.77263012057
2001.16666550125	488.375937389869	7107.58757001298
2001.20210959413	468.00605712249	7309.54595093355
2001.23755368702	416.421454581216	7598.4953262086
2001.2729977799	417.109287766885	7637.18086582828
2001.30844187278	377.107338225825	5223.34411781202
2001.34388596566	376.48328538165	5352.76426514252
2001.37933005855	372.10490689447	5633.31534859827
2001.41477415143	371.525642719872	5798.98180711224
2001.45021824431	250.05985372079	5847.23049364614
2001.48566233719	223.769619439179	5275.00406578803
2001.52110643008	240.003111939061	5105.91384452723
2001.55655052296	229.854637146117	4254.83145844544
2001.59199461584	229.559791104307	4423.55621140976
2001.62743870872	236.309818011125	2008.21861725303
2001.66288280161	236.182403153643	2008.31279625295
2001.69832689449	231.228643738858	1836.93434961699
2001.73377098737	200.159792445575	1860.57749668748
2001.76921508025	196.538672132373	1875.41385548807
2001.80465917314	196.53023824481	1891.89863667432
2001.84010326602	196.521268564923	1939.09535815528
2001.8755473589	196.511763071527	2025.26779361373
2001.91099145178	196.501721725382	2044.16133894501
2001.94643554467	199.523687092456	2044.05168588934
2001.98187963755	199.511527998871	1988.04871059677
2002.01732373043	200.939301398134	1987.935624435
2002.05276782331	198.719253568372	2024.87734242624
2002.0882119162	198.701381175532	2081.49307545773
2002.12365600908	200.130324544851	1992.55391017015
2002.15910010196	203.295079542495	2028.55891324406
2002.19454419484	189.991418096655	2025.13373565034
2002.22998828773	183.925054020125	2447.42910105523
2002.26543238061	133.251969494274	425.948833274543
2002.30087647349	118.965618024924	410.729189130675
2002.33632056637	111.145966519045	425.968416968342
2002.37176465926	116.48561519927	423.040142566548
2002.40720875214	120.934012870296	423.45835307742
2002.44265284502	122.838109993189	363.348202538083
2002.4780969379	119.8710419618	375.698599369869
2002.51354103079	100.881007999453	340.119692545214
2002.54898512367	99.9247562346057	324.104226903583
2002.58442921655	98.2117477628033	331.374104754065
2002.61987330943	99.7447120633132	317.260980910711
2002.65531740232	99.7213318255098	314.141316320029
2002.6907614952	98.7753414943955	281.740996841336
2002.72620558808	98.7633863821856	281.754847443348
2002.76164968096	95.6489659893264	281.766740603678
2002.79709377385	95.6381090341663	281.776683631427
2002.83253786673	97.2644248667482	281.784683602241
2002.86798195961	97.2530212064715	281.790747375646
2002.90342605249	97.2415584912382	281.794881580092
2002.93887014538	97.2300366913463	273.507494349996
2002.97431423826	98.0471067445879	273.424444137292
2003.00975833114	98.0235807305398	273.339413766199
2003.04520242402	98.4443788588176	277.221380878264
2003.08064651691	98.4315606019508	277.129851454289
2003.11609060979	115.375699904598	326.516706139505
2003.15153470267	94.3347784179337	284.957107357263
2003.18697879555	93.3677483609161	321.351810204994
2003.22242288844	92.8596516347073	388.705203862355
2003.25786698132	77.6636868212378	402.850197415854
2003.2933110742	76.5770744819212	375.719988776571
2003.32875516708	76.5763266636997	375.858378707968
2003.36419925997	70.4452493496229	380.701536505434
2003.39964335285	64.46520113797	380.85118454342
2003.43508744573	64.4650735386894	380.995911363177
2003.47053153861	64.4649423766874	381.135740383563
2003.5059756315	23.624322440113	151.204125263483
2003.54141972438	21.9334334276767	151.223045225502
2003.57686381726	21.9332654268987	151.241924022321
2003.61230791014	21.9330974070305	151.260761852952
2003.64775200303	21.9329293653313	157.027005063858
2003.68319609591	21.9327613030962	157.017303454224
2003.71864018879	21.9325932199504	157.007520354935
2003.75408428167	21.9324251161148	156.997655783041
2003.78952837456	21.9322569905684	156.987709743989
2003.82497246744	21.9320888415439	156.97768226061
2003.86041656032	21.9319206719565	156.967573344368
2003.8958606532	21.9317524855809	156.957383002
2003.93130474609	29.2333418769769	202.779962675526
2003.96674883897	29.2331923258815	202.738859256148
2004.00219293185	29.2330426808625	202.697395204632
2004.03763702473	29.2328929404208	202.655570164116
2004.07308111762	29.2327430929811	202.61338379024
2004.1085252105	29.2325931504081	202.570835721684
2004.14396930338	27.5343282980166	247.266312015182
2004.17941339626	19.9181889749255	368.838880656413
2004.21485748915	19.9180089145873	368.774206631767
2004.25030158203	19.9160887540373	368.709692844977
2004.28574567491	25.7206808709915	481.561191395722
2004.32118976779	10.9622792190131	857.217043658932
2004.35663386068	10.9622276668477	856.692969834659
2004.39207795356	10.9621761134663	856.166788132197
