time	95%HPD_lower_value	95%HPD_higher_value
1999.26027314515	NA	NA
1999.34720927942	0	0
1999.4341454137	0	0
1999.52108154797	0	0
1999.60801768225	0	2.63566794071639
1999.69495381652	0	11.6571419783937
1999.7818899508	0	22.4621056780496
1999.86882608507	0	49.5680242253561
1999.95576221934	0	64.0397803651625
2000.04269835362	0	77.1262802853626
2000.12963448789	0	149.392753522211
2000.21657062217	0	313.631880315297
2000.30350675644	0	444.811213003077
2000.39044289072	0	608.101281256593
2000.47737902499	0	844.196503097999
2000.56431515926	5.6017403073712	1187.01951510499
2000.65125129354	11.3571053517041	1455.07127193446
2000.73818742781	17.0513168182648	1675.27757299438
2000.82512356209	33.0225950750319	2173.61139318358
2000.91205969636	223.768645657934	2423.3801638721
2000.99899583064	477.74712017272	2655.67479479093
2001.08593196491	840.94510061894	3464.22317587003
2001.17286809918	1922.10987289364	3768.12859209379
2001.25980423346	2104.4318031719	4339.17920781526
2001.34674036773	2334.11157215964	4595.87475461188
2001.43367650201	2546.87518922097	4687.45707964626
2001.52061263628	2817.72888977082	4856.79765580522
2001.60754877055	3074.2856141673	5038.34187242865
2001.69448490483	3333.42806145453	5210.99064340062
2001.7814210391	3552.15992352633	5383.63452337305
2001.86835717338	3806.17312907185	5574.06051814745
2001.95529330765	4096.19645499471	5757.03829359279
2002.04222944193	4329.0666712788	5990.80199882806
2002.1291655762	4395.72190820357	6086.69496652429
2002.21610171047	4462.36209476821	6106.72305209322
2002.30303784475	4498.69424050478	6126.72413941945
2002.38997397902	4531.60200310434	6151.92709412076
2002.4769101133	4553.65981488284	6243.51027477374
2002.56384624757	4628.75836945185	6336.90158559235
2002.65078238185	4730.33032391125	6433.3917787995
2002.73771851612	4816.50193904115	6507.37904250868
2002.82465465039	4893.74024784267	6572.15144596012
2002.91159078467	4936.13447017665	6664.11666157847
2002.99852691894	4939.38839645579	6666.87204200624
2003.08546305322	4944.6649049425	7145.73535782005
2003.17239918749	4955.65385395818	7146.25885550992
2003.25933532177	4961.66222440204	7146.78237380519
2003.34627145604	4966.10505290085	7150.18932132286
2003.43320759031	4974.52498440007	7275.28511984106
2003.52014372459	4982.94368523133	7275.80869992421
2003.60707985886	5013.89254465184	7299.96788414738
2003.69401599314	5029.72767601304	7299.96788414738
2003.78095212741	5047.74803783388	7299.96788414738
2003.86788826169	5073.70765661553	7399.44106354182
2003.95482439596	5148.01490605749	7418.49544450409
2004.04176053023	5223.55258695108	7459.14487976855
2004.12869666451	5235.32635876455	7509.20667782128
2004.21563279878	5274.44205119153	7560.01621889712
2004.30256893306	5289.50154793808	7610.98588781396
2004.38950506733	5304.401378131	7662.11250577548
2004.4764412016	5319.13663998411	7713.39291901645
2004.56337733588	5331.5418709206	7764.82399818241
2004.65031347015	5343.94335119039	7764.82399818241
2004.73724960443	5350.00986671221	7764.82399818241
2004.8241857387	5355.97902443789	7764.82399818241
2004.91112187298	5361.4641775903	7775.57294242816
2004.99805800725	5366.94752508441	7802.08253853651
2005.08499414152	5372.42906280576	7828.51237715077
2005.1719302758	5378.87411297109	7854.86168582731
2005.25886641007	5389.00125487174	7867.41559061825
2005.34580254435	5396.73353374482	7872.75969309017
2005.43273867862	5404.45992775635	7878.10548316181
2005.5196748129	5411.79921893664	7883.4529567048
2005.60661094717	5416.43120927592	7888.80210959454
2005.69354708144	5416.43120927592	7894.15293770998
2005.78048321572	5416.43120927592	7899.50543693353
2005.86741934999	5416.43120927592	7904.85960315114
2005.95435548427	5416.43120927592	7910.21543225244
2006.04129161854	5416.43120927592	7915.57292013047
2006.12822775282	5416.43120927592	7920.93206268194
2006.21516388709	5416.43120927592	7926.292855807
2006.30210002136	5416.43120927592	7931.6552954092
2006.38903615564	5416.43120927592	7937.0193773957
2006.47597228991	5416.43120927592	7942.38509767705
2006.56290842419	5416.43120927592	7947.75245216735
2006.64984455846	5416.43120927592	7953.121436784
2006.73678069274	5416.43120927592	7958.49204744791
2006.82371682701	5416.43120927592	7963.86428008344
2006.91065296128	5416.43120927592	7969.23813061826
2006.99758909556	5434.87574164802	7974.61359498349
2007.08452522983	5434.87574164802	7979.9906691136
2007.17146136411	5434.87574164802	7985.36934894643
2007.25839749838	5445.54226052722	7990.74963042314
2007.34533363266	5456.7751225475	7996.13150948823
2007.43226976693	5456.7751225475	8001.51498208955
2007.5192059012	5456.7751225475	8006.90004417822
2007.60614203548	5456.7751225475	8012.28669170867
2007.69307816975	5456.7751225475	8017.67492063855
2007.78001430403	5456.7751225475	8023.06472692884
2007.8669504383	5456.7751225475	8028.45610654377
2007.95388657257	5456.7751225475	8033.84905545076
2008.04082270685	5456.7751225475	8039.54629589061
2008.12775884112	5456.7751225475	8045.5103792344
2008.2146949754	5456.7751225475	8051.47618370903
2008.30163110967	5456.7751225475	8057.44370487163
2008.38856724395	5456.7751225475	8063.41293828278
2008.47550337822	5456.7751225475	8069.38387950658
2008.56243951249	5456.7751225475	8075.35652411056
2008.64937564677	5456.7751225475	8075.35652411056
2008.73631178104	5456.7751225475	8075.35652411056
2008.82324791532	5456.7751225475	8075.35652411056
2008.91018404959	5456.7751225475	8075.35652411056
2008.99712018387	5456.7751225475	8075.35652411056
2009.08405631814	5456.7751225475	8075.35652411056
2009.17099245241	5456.7751225475	8075.35652411056
2009.25792858669	5456.7751225475	8075.35652411056
2009.34486472096	5456.7751225475	8075.35652411056
2009.43180085524	5456.7751225475	8075.35652411056
2009.51873698951	5456.7751225475	8075.35652411056
2009.60567312379	5456.7751225475	8075.35652411056
2009.69260925806	5456.7751225475	8075.35652411056
2009.77954539233	5456.7751225475	8075.35652411056
2009.86648152661	5456.7751225475	8075.35652411056
2009.95341766088	5456.7751225475	8075.35652411056
2010.04035379516	5456.7751225475	8075.35652411056
2010.12728992943	5456.7751225475	8075.35652411056
2010.21422606371	5456.7751225475	8075.35652411056
2010.30116219798	5456.7751225475	8075.35652411056
2010.38809833225	5456.7751225475	8075.35652411056
2010.47503446653	5457.54943304946	8075.35652411056
2010.5619706008	5463.31925840513	8075.35652411056
2010.64890673508	5469.09129384424	8075.35652411056
2010.73584286935	5474.86553379597	8075.35652411056
2010.82277900363	5483.67516123589	8075.35652411056
2010.9097151379	5494.36164116274	8075.35652411056
2010.99665127217	5501.18867294868	8075.35652411056
2011.08358740645	5508.01839933755	8075.35652411056
2011.17052354072	5514.85081300886	8075.35652411056
2011.257459675	5521.68590664955	8075.35652411056
2011.34439580927	5528.0544106013	8075.35652411056
2011.43133194355	5534.24337258811	8075.35652411056
2011.51826807782	5540.43473949919	8075.35652411056
2011.60520421209	5540.56772684359	8075.35652411056
2011.69214034637	5540.56772684359	8075.35652411056
2011.77907648064	5540.56772684359	8075.35652411056
2011.86601261492	5540.56772684359	8075.35652411056
2011.95294874919	5540.56772684359	8075.35652411056
2012.03988488346	5540.56772684359	8075.35652411056
2012.12682101774	5540.56772684359	8075.35652411056
2012.21375715201	5540.56772684359	8075.35652411056
2012.30069328629	5540.56772684359	8075.35652411056
2012.38762942056	5540.56772684359	8075.35652411056
2012.47456555484	5540.56772684359	8075.35652411056
2012.56150168911	5540.56772684359	8075.35652411056
2012.64843782338	5540.56772684359	8075.35652411056
2012.73537395766	5540.56772684359	8075.35652411056
2012.82231009193	5540.56772684359	8075.35652411056
2012.90924622621	5540.56772684359	8075.35652411056
2012.99618236048	5540.56772684359	8075.35652411056
2013.08311849476	5540.56772684359	8075.35652411056
2013.17005462903	5540.56772684359	8075.35652411056
2013.2569907633	5540.56772684359	8075.35652411056
2013.34392689758	5540.56772684359	8075.35652411056
2013.43086303185	5540.56772684359	8075.35652411056
2013.51779916613	5540.56772684359	8075.35652411056
2013.6047353004	5540.56772684359	8075.35652411056
2013.69167143468	5540.56772684359	8075.35652411056
2013.77860756895	5540.56772684359	8075.35652411056
2013.86554370322	5540.56772684359	8075.35652411056
2013.9524798375	5540.56772684359	8075.35652411056
2014.03941597177	5540.56772684359	8075.35652411056
2014.12635210605	5540.56772684359	8075.35652411056
2014.21328824032	5540.56772684359	8075.35652411056
2014.3002243746	5540.56772684359	8075.35652411056
2014.38716050887	5540.56772684359	8075.35652411056
2014.47409664314	5540.56772684359	8075.35652411056
2014.56103277742	5540.56772684359	8075.35652411056
2014.64796891169	5540.56772684359	8075.35652411056
2014.73490504597	5540.56772684359	8075.35652411056
2014.82184118024	5540.56772684359	8075.35652411056
2014.90877731451	5540.56772684359	8075.35652411056
2014.99571344879	5540.56772684359	8075.35652411056
2015.08264958306	5540.56772684359	8075.35652411056
2015.16958571734	5540.56772684359	8075.35652411056
2015.25652185161	5540.56772684359	8075.35652411056
2015.34345798589	5540.56772684359	8075.35652411056
2015.43039412016	5540.56772684359	8075.35652411056
2015.51733025443	5540.56772684359	8075.35652411056
2015.60426638871	5540.56772684359	8075.35652411056
2015.69120252298	5540.56772684359	8075.35652411056
2015.77813865726	5540.56772684359	8075.35652411056
2015.86507479153	5540.56772684359	8075.35652411056
2015.95201092581	5540.56772684359	8075.35652411056
2016.03894706008	5540.56772684359	8075.35652411056
2016.12588319435	5540.56772684359	8075.35652411056
2016.21281932863	5540.56772684359	8075.35652411056
2016.2997554629	5540.56772684359	8075.35652411056
2016.38669159718	5540.56772684359	8075.35652411056
2016.47362773145	5540.56772684359	8075.35652411056
2016.56056386573	5540.56772684359	8075.35652411056
2016.6475	5540.56772684359	8075.35652411056
