time	velocity
1997.33267885593	86.6786611524312
1997.35607372079	88.2843043887368
1997.37946858565	103.116763098303
1997.40286345052	101.45105384196
1997.42625831538	103.596749684348
1997.44965318024	104.268498104233
1997.4730480451	120.580242078424
1997.49644290996	126.214072722011
1997.51983777482	122.326182059167
1997.54323263969	366.099109588583
1997.56662750455	308.122496020659
1997.59002236941	276.611622501738
1997.61341723427	211.384718352043
1997.63681209913	490.426389300056
1997.66020696399	480.750454516916
1997.68360182886	469.603096016266
1997.70699669372	378.131981675103
1997.73039155858	363.277621538142
1997.75378642344	326.466823325824
1997.7771812883	321.929182492054
1997.80057615316	316.324755520168
1997.82397101803	321.603553481739
1997.84736588289	312.119208353286
1997.87076074775	377.328585728863
1997.89415561261	374.098223607184
1997.91755047747	367.995044209397
1997.94094534233	368.181614990611
1997.9643402072	493.503352511754
1997.98773507206	456.870268783676
1998.01112993692	435.991044614016
1998.03452480178	456.777588053682
1998.05791966664	426.478779392335
1998.0813145315	407.677423299293
1998.10470939637	391.207619611948
1998.12810426123	390.901083092455
1998.15149912609	381.313943328059
1998.17489399095	370.979669238631
1998.19828885581	379.512451774876
1998.22168372067	378.455339378564
1998.24507858554	384.032736212567
1998.2684734504	383.17645718194
1998.29186831526	375.094126679099
1998.31526318012	372.658398421756
1998.33865804498	370.870763310439
1998.36205290984	369.316388458812
1998.3854477747	368.515195544851
1998.40884263957	367.522306850772
1998.43223750443	365.988082725743
1998.45563236929	363.869399575627
1998.47902723415	361.390765104971
1998.50242209901	360.016118420107
1998.52581696387	348.045705727177
1998.54921182874	331.808255744957
1998.5726066936	330.01123523194
1998.59600155846	329.489081900407
1998.61939642332	329.694447382626
1998.64279128818	306.836186402889
1998.66618615304	303.624943402461
1998.68958101791	303.120090690395
1998.71297588277	299.944605215458
1998.73637074763	301.348246953307
1998.75976561249	303.057312325864
1998.78316047735	301.722589935953
1998.80655534221	294.340878688586
1998.82995020708	291.847627489394
1998.85334507194	288.655847821481
1998.8767399368	244.259654752248
1998.90013480166	245.226938005054
1998.92352966652	242.850695694033
1998.94692453138	229.691888985953
1998.97031939625	204.614200152469
1998.99371426111	206.575549829491
1999.01710912597	203.588509373032
1999.04050399083	190.153259485983
1999.06389885569	204.181055200293
1999.08729372055	201.866335479958
1999.11068858542	199.156186824065
1999.13408345028	213.557256005844
1999.15747831514	221.449760423423
1999.18087318	219.384330198781
1999.20426804486	187.908020803615
1999.22766290972	192.865949137641
1999.25105777459	180.435039763718
1999.27445263945	180.476523606049
1999.29784750431	192.624542328551
1999.32124236917	208.009249097305
1999.34463723403	214.882447101547
1999.36803209889	222.101139423414
1999.39142696376	222.100634358742
1999.41482182862	220.530683491621
1999.43821669348	221.331215805638
1999.46161155834	369.860831264757
1999.4850064232	352.480824937029
1999.50840128806	355.416769109171
1999.53179615293	341.516817415875
1999.55519101779	336.388854262715
1999.57858588265	338.35537532805
1999.60198074751	340.466659554573
1999.62537561237	346.235594833657
1999.64877047723	347.771427213976
1999.6721653421	596.805878717477
1999.69556020696	571.349696909879
1999.71895507182	545.724808218562
1999.74234993668	541.278109242324
1999.76574480154	535.893791052235
1999.7891396664	525.910456102123
1999.81253453127	521.785921354133
1999.83592939613	522.689400707483
1999.85932426099	610.808967707261
1999.88271912585	600.663184032834
1999.90611399071	637.516662903285
1999.92950885557	659.948677369873
1999.95290372044	662.921245919916
1999.9762985853	660.201856639087
1999.99969345016	686.98263774496
2000.02308831502	688.962743228547
2000.04648317988	687.189846220282
2000.06987804474	683.082203253268
2000.09327290961	682.106942408291
2000.11666777447	700.084392887931
2000.14006263933	703.182912769195
2000.16345750419	725.365950353908
2000.18685236905	755.792565501319
2000.21024723391	786.363380849336
2000.23364209878	942.375372221996
2000.25703696364	1067.6816161343
2000.2804318285	1553.13702971424
2000.30382669336	1645.96410668408
2000.32722155822	1662.67869795231
2000.35061642308	1681.43017387951
2000.37401128795	2046.16641329294
2000.39740615281	2085.00326824143
2000.42080101767	2089.55975595592
2000.44419588253	2200.43577801338
2000.46759074739	2261.59289524405
2000.49098561225	2257.10469646478
2000.51438047712	2305.61217327197
2000.53777534198	2490.41569970894
2000.56117020684	2770.07726514935
2000.5845650717	2854.3338874527
2000.60795993656	3048.07443867547
2000.63135480142	3089.75407599319
2000.65474966628	3075.86242092046
2000.67814453115	3040.70857071927
2000.70153939601	3052.99981644471
2000.72493426087	3047.48698430562
2000.74832912573	3044.95547447295
2000.77172399059	3051.54407592627
2000.79511885545	3053.7671344182
2000.81851372032	3059.54985284889
2000.84190858518	3065.47753454162
2000.86530345004	3048.46926043296
2000.8886983149	3050.78860692144
2000.91209317976	3045.97640996898
2000.93548804462	3045.55353015264
2000.95888290949	3044.2835607039
2000.98227777435	3047.53287094259
2001.00567263921	3042.02534360208
2001.02906750407	3052.36106622675
2001.05246236893	3064.04966565121
2001.07585723379	3066.12871863598
2001.09925209866	3068.39095126054
2001.12264696352	3076.16967030952
2001.14604182838	3082.25969882556
2001.16943669324	3109.07727464442
2001.1928315581	3116.13584125985
2001.21622642296	3138.57368849697
2001.23962128783	3199.15475328829
2001.26301615269	3271.19047734536
2001.28641101755	3137.7379040033
2001.30980588241	3061.62239986489
2001.33320074727	3059.12650532027
2001.35659561213	3116.07302881536
2001.379990477	2912.73504449431
2001.40338534186	2861.69306051995
2001.42678020672	2962.44330229001
2001.45017507158	2880.61415409658
2001.47356993644	2788.6355753665
2001.4969648013	2837.36517673342
2001.52035966617	2751.34209198566
2001.54375453103	2541.31719856515
2001.56714939589	2311.26170183757
2001.59054426075	2272.18573939879
2001.61393912561	1996.21064107773
2001.63733399047	1748.41627879881
2001.66072885534	1766.37566702746
2001.6841237202	1758.47540262849
2001.70751858506	1723.88542030309
2001.73091344992	1729.88241071747
2001.75430831478	1730.24691441071
2001.77770317964	1725.06734596508
2001.80109804451	1734.42373153724
2001.82449290937	1735.18205942264
2001.84788777423	1743.34109763002
2001.87128263909	1751.6053429031
2001.89467750395	1755.94158295752
2001.91807236881	1760.89984391631
2001.94146723368	1768.79209139779
2001.96486209854	1772.68514233702
2001.9882569634	1779.93120977306
