time	velocity
1997.33870346994	44.5418551692264
1997.37414756282	91.0150684790925
1997.40959165571	89.3767180341891
1997.44503574859	91.0118225328951
1997.48047984147	96.5379784779244
1997.51592393435	78.1157978775463
1997.55136802724	86.5168126012087
1997.58681212012	74.2187945390674
1997.622256213	86.5167008542595
1997.65770030588	84.0772455254629
1997.69314439877	134.080833767643
1997.72858849165	149.47293268015
1997.76403258453	141.403212663752
1997.79947667741	176.611509007681
1997.8349207703	180.88238059741
1997.87036486318	184.905737211021
1997.90580895606	176.775383797499
1997.94125304894	206.881930233802
1997.97669714183	216.941319346701
1998.01214123471	212.849005341703
1998.04758532759	224.456900646686
1998.08302942047	216.992268728621
1998.11847351336	226.885670438538
1998.15391760624	226.966791480547
1998.18936169912	229.930404048338
1998.224805792	229.934455557066
1998.26024988489	235.499498970128
1998.29569397777	231.404338289413
1998.33113807065	228.412256649291
1998.36658216353	228.414803775332
1998.40202625642	231.410049023461
1998.4374703493	231.411937357223
1998.47291444218	228.422395886925
1998.50835853506	237.409433963937
1998.54380262795	226.647797602479
1998.57924672083	223.376472339015
1998.61469081371	226.357549679943
1998.65013490659	196.913760335552
1998.68557899948	195.085771944148
1998.72102309236	185.080537132331
1998.75646718524	187.156586159266
1998.79191127812	192.605419457538
1998.82735537101	192.437277579387
1998.86279946389	183.831712050946
1998.89824355677	171.37996322568
1998.93368764965	176.98192760126
1998.96913174254	168.53495800488
1999.00457583542	178.585856253092
1999.0400199283	176.628835357293
1999.07546402118	181.640308234059
1999.11090811407	181.852099682551
1999.14635220695	193.318197573339
1999.18179629983	203.122187915589
1999.21724039271	199.58689176279
1999.2526844856	181.360595519136
1999.28812857848	186.551227466264
1999.32357267136	210.07634070875
1999.35901676424	219.413727154746
1999.39446085713	219.298651572394
1999.42990495001	213.64617473935
1999.46534904289	218.691343363096
1999.50079313577	231.036292687197
1999.53623722866	243.967974179283
1999.57168132154	258.615397540707
1999.60712541442	265.118579729533
1999.6425695073	264.585440281773
1999.67801360019	278.106855298471
1999.71345769307	289.480985230184
1999.74890178595	290.899586386647
1999.78434587883	293.629883493508
1999.81978997172	301.725618820905
1999.8552340646	311.365593086005
1999.89067815748	303.21121898238
1999.92612225036	313.451409613179
1999.96156634325	311.045289881886
1999.99701043613	320.877417696783
2000.03245452901	314.767434679148
2000.06789862189	306.985517848515
2000.10334271478	313.844319355364
2000.13878680766	322.744093821755
2000.17423090054	344.972741995541
2000.20967499342	357.948534978247
2000.24511908631	464.126632661623
2000.28056317919	711.479203082021
2000.31600727207	728.839984830144
2000.35145136495	894.397345186719
2000.38689545784	874.241201621814
2000.42233955072	959.529914130876
2000.4577836436	945.010908935501
2000.49322773648	944.062707845044
2000.52867182937	995.573436733641
2000.56411592225	1001.69725493743
2000.59956001513	1167.8171422039
2000.63500410801	1212.26074863167
2000.6704482009	1227.72669867382
2000.70589229378	1190.10276211582
2000.74133638666	1190.08951135288
2000.77678047954	1168.24308380994
2000.81222457243	1173.4607094225
2000.84766866531	1173.53188385139
2000.88311275819	1183.94994215115
2000.91855685107	1187.03813541947
2000.95400094396	1176.54408318317
2000.98944503684	1182.14807178421
2001.02488912972	1198.96855954174
2001.0603332226	1220.85592352723
2001.09577731549	1226.5565228922
2001.13122140837	1218.96881481833
2001.16666550125	1224.90314038565
2001.20210959413	1164.37100619969
2001.23755368702	1354.91412816875
2001.2729977799	1245.73758598288
2001.30844187278	998.030062247962
2001.34388596566	919.91326079828
2001.37933005855	837.603587941541
2001.41477415143	844.824978302599
2001.45021824431	774.740522728597
2001.48566233719	738.43388620326
2001.52110643008	672.655677449141
2001.55655052296	635.364979860101
2001.59199461584	585.466378294315
2001.62743870872	507.317871115382
2001.66288280161	467.090274240885
2001.69832689449	439.286797835738
2001.73377098737	418.219108362737
2001.76921508025	419.548666136986
2001.80465917314	419.468526452924
2001.84010326602	419.431880189902
2001.8755473589	404.132732420942
2001.91099145178	399.398208786698
2001.94643554467	405.913957582457
2001.98187963755	406.053551811728
2002.01732373043	406.187867940556
2002.05276782331	406.316954402728
2002.0882119162	409.938698677918
2002.12365600908	401.058460486528
2002.15910010196	392.108686225092
2002.19454419484	384.183712785826
2002.22998828773	393.148662542762
2002.26543238061	229.220782706651
2002.30087647349	227.690085990475
2002.33632056637	218.835439313338
2002.37176465926	216.381312231739
2002.40720875214	215.00663425686
2002.44265284502	214.713472473868
2002.4780969379	214.667799385164
2002.51354103079	172.389193048901
2002.54898512367	172.343945163369
2002.58442921655	170.347772942011
2002.61987330943	172.582540457148
2002.65531740232	173.229032922244
2002.6907614952	172.731411773247
2002.72620558808	172.803198228446
2002.76164968096	172.873232779877
2002.79709377385	170.231029635903
2002.83253786673	170.176291943661
2002.86798195961	170.120800789716
2002.90342605249	170.064555675611
2002.93887014538	170.007556001589
2002.97431423826	169.949801087939
2003.00975833114	169.891290141045
2003.04520242402	169.994577702446
2003.08064651691	170.070559817339
2003.11609060979	200.092082648646
2003.15153470267	178.263924584592
2003.18697879555	183.367108236567
2003.22242288844	214.232460646411
2003.25786698132	220.160077933783
2003.2933110742	217.441609864132
2003.32875516708	213.513413076801
2003.36419925997	213.547205055055
2003.39964335285	208.71936816116
2003.43508744573	208.781239509218
2003.47053153861	213.743183365275
2003.5059756315	49.7385919857875
2003.54141972438	49.3619755945291
2003.57686381726	49.3617276931637
2003.61230791014	49.3614796266881
2003.64775200303	49.3612314012409
2003.68319609591	49.4424302125713
2003.71864018879	49.441039426136
2003.75408428167	49.4396477403468
2003.78952837456	49.4382551611493
2003.82497246744	49.4368616820747
2003.86041656032	49.4354673049831
2003.8958606532	49.434072028095
2003.93130474609	79.1059285959458
2003.96674883897	79.1069504429713
2004.00219293185	79.107959559636
2004.03763702473	79.1089559662854
2004.07308111762	79.1099396563656
2004.1085252105	79.1109106756107
2004.14396930338	87.7339864299287
2004.17941339626	103.264060589691
2004.21485748915	103.275878665582
2004.25030158203	103.290147553186
2004.28574567491	145.757645086128
2004.32118976779	212.974322175935
2004.35663386068	212.967784580641
2004.39207795356	212.96124106611
