time	distance
1997.3209814235	0
1997.35642551638	0
1997.39186960926	0
1997.42731370215	0
1997.46275779503	0
1997.49820188791	0
1997.53364598079	0
1997.56909007368	0
1997.60453416656	0
1997.63997825944	0
1997.67542235232	0
1997.71086644521	0
1997.74631053809	0
1997.78175463097	0
1997.81719872385	0
1997.85264281674	0
1997.88808690962	0
1997.9235310025	0
1997.95897509538	0
1997.99441918827	0
1998.02986328115	0
1998.06530737403	0
1998.10075146691	0
1998.1361955598	0
1998.17163965268	0
1998.20708374556	0.403909741464843
1998.24252783844	4.6775932992972
1998.27797193133	9.90007131513404
1998.31341602421	15.0252903353469
1998.34886011709	19.3347476284156
1998.38430420997	33.8413328639366
1998.41974830286	43.3622010061188
1998.45519239574	62.3373808207597
1998.49063648862	71.8716976469095
1998.5260805815	83.9980140094356
1998.56152467439	91.7517836577796
1998.59696876727	98.3969214672394
1998.63241286015	103.238304269784
1998.66785695303	119.065462574295
1998.70330104592	125.445321211212
1998.7387451388	144.259718056446
1998.77418923168	161.892142982213
1998.80963332456	182.201252104484
1998.84507741745	199.792014794798
1998.88052151033	222.03805344831
1998.91596560321	239.34760388197
1998.95140969609	251.025520403955
1998.98685378898	279.864406673803
1999.02229788186	301.462728386734
1999.05774197474	318.353676022873
1999.09318606762	336.049148383019
1999.12863016051	348.404897378004
1999.16407425339	364.193854377006
1999.19951834627	384.555523990134
1999.23496243915	409.767376393293
1999.27040653204	437.444150018203
1999.30585062492	458.892801031099
1999.3412947178	478.164716489937
1999.37673881068	497.436042196684
1999.41218290357	521.286125304602
1999.44762699645	541.940449001413
1999.48307108933	583.606159164784
1999.51851518221	608.497175659119
1999.5539592751	641.430016514777
1999.58940336798	692.898138924554
1999.62484746086	727.462310920083
1999.66029155374	743.74295886075
1999.69573564663	770.355724468772
1999.73117973951	777.927826860302
1999.76662383239	788.442920264683
1999.80206792527	808.388015878061
1999.83751201816	857.332001372767
1999.87295611104	896.902122430502
1999.90840020392	948.167989292339
1999.9438442968	1005.53628021092
1999.97928838969	1027.62748778096
2000.01473248257	1053.03665888938
2000.05017657545	1082.31480418798
2000.08562066833	1141.99180964254
2000.12106476122	1168.27984103677
2000.1565088541	1208.89361927797
2000.19195294698	1239.74144836292
2000.22739703986	1271.24838842152
2000.26284113275	1302.75555903332
2000.29828522563	1355.8683493334
2000.33372931851	1368.80263553783
2000.36917341139	1415.77271738323
2000.40461750428	1420.39821758688
2000.44006159716	1437.24080069757
2000.47550569004	1537.89028625986
2000.51094978292	1588.1778195492
2000.54639387581	1646.36236104707
2000.58183796869	1719.31341531196
2000.61728206157	1822.76471442678
2000.65272615445	1896.89181609258
2000.68817024734	1959.25516688487
2000.72361434022	2041.57520698518
2000.7590584331	2157.28434034119
2000.79450252598	2347.35682416154
2000.82994661887	2470.64652872658
2000.86539071175	2554.20403481933
2000.90083480463	2662.36233638476
2000.93627889751	2816.9567955432
2000.9717229904	3009.40895421226
2001.00716708328	3053.39808764428
2001.04261117616	3227.16352457356
2001.07805526904	3342.67910341877
2001.11349936193	3479.33520215203
2001.14894345481	3561.68316708468
2001.18438754769	3588.20192448375
2001.21983164057	3621.15761042888
2001.25527573346	3639.6064614957
2001.29071982634	3676.53511813967
2001.32616391922	3700.45939426526
2001.3616080121	3782.58280624495
2001.39705210499	3820.28050013891
2001.43249619787	3842.78880023107
2001.46794029075	3858.35462650278
2001.50338438363	3885.92161042843
2001.53882847652	3927.60938041811
2001.5742725694	3984.36621742475
2001.60971666228	4064.20650863911
2001.64516075516	4119.62920663968
2001.68060484805	4184.39788549421
2001.71604894093	4186.12759128932
2001.75149303381	4186.12759128932
2001.78693712669	4202.67472949898
2001.82238121958	4242.53942913935
2001.85782531246	4281.71240862897
2001.89326940534	4309.9691310763
2001.92871349822	4327.62144557856
2001.96415759111	4337.09602121861
2001.99960168399	4359.64104832637
2002.03504577687	4359.64104832637
2002.07048986975	4359.64104832637
2002.10593396264	4359.64104832637
2002.14137805552	4359.64104832637
2002.1768221484	4359.64104832637
2002.21226624128	4359.64104832637
2002.24771033417	4359.64104832637
2002.28315442705	4359.64104832637
2002.31859851993	4359.64104832637
2002.35404261281	4359.64104832637
2002.3894867057	4359.64104832637
2002.42493079858	4359.64104832637
2002.46037489146	4385.79391667619
2002.49581898434	4385.79391667619
2002.53126307723	4402.5063363169
2002.56670717011	4410.20966235
2002.60215126299	4425.67538153911
2002.63759535587	4460.41799251292
2002.67303944876	4464.17518549845
2002.70848354164	4464.17518549845
2002.74392763452	4464.17518549845
2002.7793717274	4464.17518549845
2002.81481582029	4467.5244506431
2002.85025991317	4486.70183138126
2002.88570400605	4531.22692585675
2002.92114809893	4578.79176871531
2002.95659219182	4582.94270567695
2002.9920362847	4595.51916535681
2003.02748037758	4595.51916535681
2003.06292447046	4595.51916535681
2003.09836856335	4595.51916535681
2003.13381265623	4595.51916535681
2003.16925674911	4595.51916535681
2003.20470084199	4595.51916535681
2003.24014493488	4595.51916535681
2003.27558902776	4595.51916535681
2003.31103312064	4595.51916535681
2003.34647721352	4595.51916535681
2003.38192130641	4595.51916535681
2003.41736539929	4595.51916535681
2003.45280949217	4595.51916535681
2003.48825358505	4595.51916535681
2003.52369767794	4595.51916535681
2003.55914177082	4595.51916535681
2003.5945858637	4595.51916535681
2003.63002995658	4595.51916535681
2003.66547404947	4595.51916535681
2003.70091814235	4595.51916535681
2003.73636223523	4595.51916535681
2003.77180632811	4595.51916535681
2003.807250421	4595.51916535681
2003.84269451388	4595.51916535681
2003.87813860676	4595.51916535681
2003.91358269964	4595.51916535681
2003.94902679253	4595.51916535681
2003.98447088541	4595.51916535681
2004.01991497829	4595.51916535681
2004.05535907117	4595.51916535681
2004.09080316406	4595.51916535681
2004.12624725694	4595.51916535681
2004.16169134982	4595.51916535681
2004.1971354427	4595.51916535681
2004.23257953559	4595.51916535681
2004.26802362847	4595.51916535681
2004.30346772135	4595.51916535681
2004.33891181423	4595.51916535681
2004.37435590712	4595.51916535681
2004.4098	4595.51916535681
