time	velocity
1997.33870346994	64.1717837339342
1997.37414756282	69.5892916915306
1997.40959165571	69.6149031730488
1997.44503574859	69.80954347737
1997.48047984147	95.958498856587
1997.51592393435	82.065784297782
1997.55136802724	97.5319387094642
1997.58681212012	80.2577083720687
1997.622256213	873.992580937188
1997.65770030588	91.9190464843934
1997.69314439877	119.038953259279
1997.72858849165	93.8617908833697
1997.76403258453	97.0567528028147
1997.79947667741	95.2539822948698
1997.8349207703	85.091308409142
1997.87036486318	99.1831006706542
1997.90580895606	93.4084943381166
1997.94125304894	92.6638256652145
1997.97669714183	94.9322757963283
1998.01214123471	85.2779658527689
1998.04758532759	82.329858416088
1998.08302942047	78.2245762381263
1998.11847351336	81.3841731461872
1998.15391760624	76.4518834714645
1998.18936169912	85.239362741258
1998.224805792	76.0400839638093
1998.26024988489	74.6373369939719
1998.29569397777	72.7599524057249
1998.33113807065	71.2849947481276
1998.36658216353	70.4098483460664
1998.40202625642	70.2315825065248
1998.4374703493	70.035616595309
1998.47291444218	69.8337811019532
1998.50835853506	69.7139583738089
1998.54380262795	70.5307063168596
1998.57924672083	71.3539328552142
1998.61469081371	71.8077977267758
1998.65013490659	73.166136499438
1998.68557899948	74.0071653192645
1998.72102309236	75.9667157327163
1998.75646718524	77.51666927508
1998.79191127812	80.0409777156948
1998.82735537101	82.7927881052042
1998.86279946389	87.793237936357
1998.89824355677	91.4970049623509
1998.93368764965	94.4463361285738
1998.96913174254	100.183160470267
1999.00457583542	103.692261067837
1999.0400199283	105.936132642503
1999.07546402118	112.586276472128
1999.11090811407	114.509138885869
1999.14635220695	123.221458714819
1999.18179629983	140.139604482839
1999.21724039271	130.319815161291
1999.2526844856	119.027772540402
1999.28812857848	125.484473926241
1999.32357267136	130.413107631572
1999.35901676424	137.365828065049
1999.39446085713	142.027694478072
1999.42990495001	145.237522410994
1999.46534904289	147.121699925955
1999.50079313577	149.265356128935
1999.53623722866	151.998148876865
1999.57168132154	155.190518782773
1999.60712541442	158.053793075975
1999.6425695073	159.46842759644
1999.67801360019	162.706140717809
1999.71345769307	165.427915534446
1999.74890178595	166.973724914111
1999.78434587883	169.147362795815
1999.81978997172	171.149597762359
1999.8552340646	172.831832688998
1999.89067815748	176.249651321302
1999.92612225036	181.581861269258
1999.96156634325	185.156815798899
1999.99701043613	187.525548157374
2000.03245452901	181.018566290381
2000.06789862189	175.546265780439
2000.10334271478	178.792148689314
2000.13878680766	184.953302400571
2000.17423090054	189.071239052138
2000.20967499342	197.653425147597
2000.24511908631	200.059981351453
2000.28056317919	214.583592736334
2000.31600727207	234.184943739956
2000.35145136495	246.575353558484
2000.38689545784	260.510250964136
2000.42233955072	275.6266576925
2000.4577836436	289.119547544791
2000.49322773648	298.421387424502
2000.52867182937	313.657894419467
2000.56411592225	324.206740030069
2000.59956001513	334.233782721901
2000.63500410801	342.529565133731
2000.6704482009	346.010189469819
2000.70589229378	348.528937862923
2000.74133638666	348.772666679756
2000.77678047954	348.799740722001
2000.81222457243	348.610714136406
2000.84766866531	348.152220903508
2000.88311275819	347.126038330976
2000.91855685107	345.094764568524
2000.95400094396	343.77963292356
2000.98944503684	342.118839957057
2001.02488912972	341.380347638557
2001.0603332226	340.733398902882
2001.09577731549	339.894581004768
2001.13122140837	335.00450604406
2001.16666550125	340.635110948077
2001.20210959413	330.396851902621
2001.23755368702	330.758680811814
2001.2729977799	318.91893510445
2001.30844187278	315.15316988905
2001.34388596566	304.97203592576
2001.37933005855	299.861354621467
2001.41477415143	295.056632469766
2001.45021824431	289.485222928464
2001.48566233719	283.938780668495
2001.52110643008	297.101485026305
2001.55655052296	294.985532526967
2001.59199461584	295.357884410149
2001.62743870872	302.04994662479
2001.66288280161	304.533026304244
2001.69832689449	307.378805097205
2001.73377098737	311.604545891033
2001.76921508025	315.255907660418
2001.80465917314	320.403002604994
2001.84010326602	324.921031162273
2001.8755473589	330.848854831705
2001.91099145178	336.35575746683
2001.94643554467	343.138092992183
2001.98187963755	350.988769951729
2002.01732373043	359.280615816789
2002.05276782331	365.840422114324
2002.0882119162	375.801716234828
2002.12365600908	311.34368088073
2002.15910010196	298.566076553433
2002.19454419484	251.352476496377
2002.22998828773	210.678468826208
2002.26543238061	193.155545283299
2002.30087647349	189.502366389756
2002.33632056637	182.330414434006
2002.37176465926	179.223827156682
2002.40720875214	171.095849298641
2002.44265284502	161.797490241442
2002.4780969379	154.509631659186
2002.51354103079	210.748031605831
2002.54898512367	211.350211991975
2002.58442921655	211.940773247642
2002.61987330943	212.238047188597
2002.65531740232	212.110699427067
2002.6907614952	212.383380147516
2002.72620558808	212.419043069558
2002.76164968096	212.458272572749
2002.79709377385	212.535565674972
2002.83253786673	212.457118989223
2002.86798195961	212.536041936297
2002.90342605249	212.032371065716
2002.93887014538	211.433425137568
2002.97431423826	211.309827822858
2003.00975833114	211.11238104332
2003.04520242402	210.950381112916
2003.08064651691	210.406282852515
2003.11609060979	208.47796249853
2003.15153470267	166.677281520701
2003.18697879555	162.077042234964
2003.22242288844	155.732330501869
2003.25786698132	125.341701101584
2003.2933110742	112.226342801831
2003.32875516708	104.26942313331
2003.36419925997	95.5554099214358
2003.39964335285	85.8852775776443
2003.43508744573	75.1014603402268
2003.47053153861	62.6035618829412
2003.5059756315	50.5822505824339
2003.54141972438	50.5879708045463
2003.57686381726	50.6252044385741
2003.61230791014	50.6593990145112
2003.64775200303	50.6753843923398
2003.68319609591	50.6963871286961
2003.71864018879	50.7560421687035
2003.75408428167	50.8222714640785
2003.78952837456	50.8922482818737
2003.82497246744	50.9647984532711
2003.86041656032	51.0426396689749
2003.8958606532	51.1208265035783
2003.93130474609	122.231040310783
2003.96674883897	127.234621331252
2004.00219293185	133.489315973653
2004.03763702473	141.530495983703
2004.07308111762	152.249806156417
2004.1085252105	167.250669293475
2004.14396930338	185.936796546127
2004.17941339626	196.161843092581
2004.21485748915	207.799268360532
2004.25030158203	222.998283244154
2004.28574567491	230.993256544083
2004.32118976779	231.08578327799
2004.35663386068	231.040060088253
2004.39207795356	230.994268311211
