time	95%HPD_lower_value	95%HPD_higher_value
1999.26027314515	NA	NA
1999.34720927942	0	0
1999.4341454137	0	0
1999.52108154797	0	0
1999.60801768225	0	2.83467277878672
1999.69495381652	0	20.5570279150274
1999.7818899508	0	29.7270343321301
1999.86882608507	0	63.5741110258667
1999.95576221934	0	88.5341285136807
2000.04269835362	0	92.2912686912379
2000.12963448789	0	120.421931719503
2000.21657062217	0	394.563190833698
2000.30350675644	0	576.504876874806
2000.39044289072	0	640.212527810229
2000.47737902499	0	738.195917474982
2000.56431515926	5.47545281121088	914.207167777078
2000.65125129354	14.2357463490599	1214.74921918974
2000.73818742781	18.5449886996922	1676.21883081711
2000.82512356209	43.107600792497	2131.09340047739
2000.91205969636	175.620199879527	2614.98905299002
2000.99899583064	382.365713052616	3141.71550407811
2001.08593196491	532.62794004599	3609.88670339174
2001.17286809918	856.674493192119	3929.8675193156
2001.25980423346	1088.83486376675	3930.33024171267
2001.34674036773	1254.70589974877	3931.07964052616
2001.43367650201	1544.86093413186	3999.6518443257
2001.52061263628	1731.29563021142	4000.93069097774
2001.60754877055	1759.43950547211	4007.22929293638
2001.69448490483	1862.71452723876	4008.50812182355
2001.7814210391	2014.39693323059	4027.92152465065
2001.86835717338	2115.62058422101	4080.43753962513
2001.95529330765	2115.62912630975	4118.36045088337
2002.04222944193	2184.91913943656	4131.15420026648
2002.1291655762	2242.03838348429	4154.05485011877
2002.21610171047	2374.14315257594	4154.22214382485
2002.30303784475	2565.60590600303	4154.57477436623
2002.38997397902	2620.19714509637	4154.92779351016
2002.4769101133	2733.62873767375	4155.28120103537
2002.56384624757	2869.46026244684	4155.63499672052
2002.65078238185	2978.8985796474	4155.98918034416
2002.73771851612	3013.28688646839	4156.3437516848
2002.82465465039	3105.90332372839	4156.69871052086
2002.91159078467	3106.76186430384	4157.05405663067
2002.99852691894	3252.61830309918	4157.40978979251
2003.08546305322	3342.15678191273	4160.29487637859
2003.17239918749	3342.15678191273	4160.29487637859
2003.25933532177	3342.15678191273	4160.29487637859
2003.34627145604	3342.15678191273	4160.29487637859
2003.43320759031	3342.15678191273	4160.29487637859
2003.52014372459	3342.15678191273	4160.29487637859
2003.60707985886	3389.68550531624	4160.29487637859
2003.69401599314	3392.40655233519	4160.29487637859
2003.78095212741	3395.10785700777	4160.29487637859
2003.86788826169	3397.58358782728	4160.29487637859
2003.95482439596	3400.06610862775	4160.29487637859
2004.04176053023	3402.55533615451	4174.47701819491
2004.12869666451	3405.05118750656	4174.47701819491
2004.21563279878	3407.55358013751	4174.47701819491
2004.30256893306	3410.06243185641	4174.47701819491
2004.38950506733	3412.5776608285	4174.47701819491
2004.4764412016	3415.09918557598	4174.47701819491
2004.56337733588	3417.6269249786	4174.47701819491
2004.65031347015	3420.24026206098	4174.47701819491
2004.73724960443	3425.16409103819	4174.47701819491
2004.8241857387	3430.29552569927	4174.47701819491
2004.91112187298	3435.61291732388	4174.47701819491
2004.99805800725	3441.11507774181	4174.47701819491
2005.08499414152	3515.29874766706	4174.47701819491
2005.1719302758	3521.78436885241	4174.47701819491
2005.25886641007	3523.83243805766	4174.47701819491
2005.34580254435	3523.83243805766	4174.47701819491
2005.43273867862	3523.83243805766	4174.47701819491
2005.5196748129	3523.83243805766	4174.47701819491
2005.60661094717	3562.86057242843	4174.47701819491
2005.69354708144	3562.86057242843	4174.47701819491
2005.78048321572	3562.86057242843	4174.47701819491
2005.86741934999	3562.86057242843	4174.47701819491
2005.95435548427	3562.86057242843	4174.47701819491
2006.04129161854	3600.04226083659	4177.26529627196
2006.12822775282	3600.04226083659	4177.26529627196
2006.21516388709	3600.04226083659	4177.26529627196
2006.30210002136	3600.04226083659	4177.26529627196
2006.38903615564	3600.04226083659	4177.26529627196
2006.47597228991	3600.04226083659	4177.26529627196
2006.56290842419	3600.04226083659	4177.26529627196
2006.64984455846	3600.04226083659	4177.26529627196
2006.73678069274	3600.04226083659	4177.26529627196
2006.82371682701	3600.04226083659	4177.26529627196
2006.91065296128	3600.04226083659	4177.26529627196
2006.99758909556	3603.10031149636	4177.26529627196
2007.08452522983	3603.10031149636	4177.26529627196
2007.17146136411	3603.10031149636	4177.26529627196
2007.25839749838	3603.10031149636	4177.26529627196
2007.34533363266	3603.10031149636	4177.26529627196
2007.43226976693	3603.10031149636	4177.26529627196
2007.5192059012	3603.10031149636	4177.26529627196
2007.60614203548	3603.10031149636	4177.80640077733
2007.69307816975	3603.10031149636	4177.80640077733
2007.78001430403	3643.3745534788	4177.80640077733
2007.8669504383	3643.3745534788	4177.80640077733
2007.95388657257	3643.3745534788	4177.80640077733
2008.04082270685	3643.3745534788	4177.80640077733
2008.12775884112	3643.3745534788	4177.80640077733
2008.2146949754	3643.3745534788	4177.80640077733
2008.30163110967	3643.3745534788	4177.80640077733
2008.38856724395	3643.3745534788	4177.80640077733
2008.47550337822	3643.3745534788	4177.80640077733
2008.56243951249	3643.3745534788	4177.80640077733
2008.64937564677	3643.3745534788	4177.80640077733
2008.73631178104	3643.3745534788	4177.80640077733
2008.82324791532	3643.3745534788	4177.80640077733
2008.91018404959	3643.3745534788	4177.80640077733
2008.99712018387	3697.12496107999	4177.80640077733
2009.08405631814	3717.69913239043	4177.80640077733
2009.17099245241	3717.69913239043	4177.80640077733
2009.25792858669	3717.69913239043	4177.80640077733
2009.34486472096	3718.30955030101	4177.80640077733
2009.43180085524	3720.62144388478	4177.80640077733
2009.51873698951	3722.9337699604	4177.80640077733
2009.60567312379	3725.24652133508	4177.80640077733
2009.69260925806	3727.49479668755	4177.80640077733
2009.77954539233	3729.58803619572	4177.80640077733
2009.86648152661	3730.43036228619	4177.80640077733
2009.95341766088	3730.43036228619	4177.80640077733
2010.04035379516	3730.43036228619	4177.80640077733
2010.12728992943	3730.43036228619	4177.80640077733
2010.21422606371	3730.43036228619	4177.80640077733
2010.30116219798	3730.43036228619	4177.80640077733
2010.38809833225	3730.43036228619	4177.80640077733
2010.47503446653	3730.43036228619	4177.80640077733
2010.5619706008	3730.43036228619	4177.80640077733
2010.64890673508	3730.43036228619	4177.80640077733
2010.73584286935	3730.43036228619	4177.80640077733
2010.82277900363	3730.43036228619	4177.80640077733
2010.9097151379	3730.43036228619	4177.80640077733
2010.99665127217	3730.43036228619	4177.80640077733
2011.08358740645	3730.43036228619	4177.80640077733
2011.17052354072	3730.43036228619	4177.80640077733
2011.257459675	3732.52589150403	4177.80640077733
2011.34439580927	3732.52589150403	4177.80640077733
2011.43133194355	3732.52589150403	4177.80640077733
2011.51826807782	3732.52589150403	4177.80640077733
2011.60520421209	3732.52589150403	4177.80640077733
2011.69214034637	3732.52589150403	4177.80640077733
2011.77907648064	3732.52589150403	4177.80640077733
2011.86601261492	3732.52589150403	4177.80640077733
2011.95294874919	3732.52589150403	4177.80640077733
2012.03988488346	3732.52589150403	4177.80640077733
2012.12682101774	3732.52589150403	4177.80640077733
2012.21375715201	3732.52589150403	4177.80640077733
2012.30069328629	3732.52589150403	4177.80640077733
2012.38762942056	3732.52589150403	4177.80640077733
2012.47456555484	3732.52589150403	4187.15632550041
2012.56150168911	3732.52589150403	4187.15632550041
2012.64843782338	3732.52589150403	4187.15632550041
2012.73537395766	3732.52589150403	4187.15632550041
2012.82231009193	3732.52589150403	4187.15632550041
2012.90924622621	3732.52589150403	4187.15632550041
2012.99618236048	3732.52589150403	4187.15632550041
2013.08311849476	3732.52589150403	4187.15632550041
2013.17005462903	3732.52589150403	4187.15632550041
2013.2569907633	3732.52589150403	4187.15632550041
2013.34392689758	3732.52589150403	4187.15632550041
2013.43086303185	3732.52589150403	4187.15632550041
2013.51779916613	3732.52589150403	4187.15632550041
2013.6047353004	3732.52589150403	4187.15632550041
2013.69167143468	3732.52589150403	4187.15632550041
2013.77860756895	3732.52589150403	4187.15632550041
2013.86554370322	3732.52589150403	4187.15632550041
2013.9524798375	3732.52589150403	4187.15632550041
2014.03941597177	3732.52589150403	4187.15632550041
2014.12635210605	3732.52589150403	4187.15632550041
2014.21328824032	3732.52589150403	4187.15632550041
2014.3002243746	3732.52589150403	4187.15632550041
2014.38716050887	3732.52589150403	4187.15632550041
2014.47409664314	3732.52589150403	4187.15632550041
2014.56103277742	3732.52589150403	4187.15632550041
2014.64796891169	3732.52589150403	4187.15632550041
2014.73490504597	3732.52589150403	4187.15632550041
2014.82184118024	3732.52589150403	4187.15632550041
2014.90877731451	3732.52589150403	4187.15632550041
2014.99571344879	3732.52589150403	4187.15632550041
2015.08264958306	3732.52589150403	4187.15632550041
2015.16958571734	3732.52589150403	4187.15632550041
2015.25652185161	3732.52589150403	4187.15632550041
2015.34345798589	3732.52589150403	4187.15632550041
2015.43039412016	3732.52589150403	4187.15632550041
2015.51733025443	3732.52589150403	4187.15632550041
2015.60426638871	3732.52589150403	4187.15632550041
2015.69120252298	3732.52589150403	4187.15632550041
2015.77813865726	3732.52589150403	4187.15632550041
2015.86507479153	3732.52589150403	4187.15632550041
2015.95201092581	3732.52589150403	4187.15632550041
2016.03894706008	3732.52589150403	4187.15632550041
2016.12588319435	3732.52589150403	4187.15632550041
2016.21281932863	3732.52589150403	4187.15632550041
2016.2997554629	3732.52589150403	4187.15632550041
2016.38669159718	3732.52589150403	4187.15632550041
2016.47362773145	3732.52589150403	4187.15632550041
2016.56056386573	3732.52589150403	4187.15632550041
2016.6475	3732.52589150403	4187.15632550041
