time	distance
1997.3209814235	0
1997.35642551638	0.043628958953949
1997.39186960926	0.0859128145643392
1997.42731370215	0.128194376971246
1997.46275779503	0.178632039857443
1997.49820188791	0.286231175386444
1997.53364598079	0.504557524785024
1997.56909007368	0.729865971955733
1997.60453416656	0.939898888404516
1997.63997825944	1.12799357728131
1997.67542235232	1.31902800957772
1997.71086644521	1.54629444629637
1997.74631053809	1.76407809360426
1997.78175463097	2.03821586928277
1997.81719872385	2.46225586029512
1997.85264281674	2.75751800466006
1997.88808690962	3.42440233875225
1997.9235310025	3.99976383028926
1997.95897509538	4.55933986525648
1997.99441918827	5.65990635746502
1998.02986328115	7.84428409016115
1998.06530737403	10.2103651979317
1998.10075146691	12.1082925638587
1998.1361955598	15.4061665932374
1998.17163965268	18.6471258187362
1998.20708374556	23.061779578666
1998.24252783844	27.3162999863699
1998.27797193133	33.3000769606874
1998.31341602421	38.7561224202099
1998.34886011709	44.4241409185205
1998.38430420997	54.2881404058624
1998.41974830286	65.1784812519053
1998.45519239574	80.540538060137
1998.49063648862	92.7779249585527
1998.5260805815	106.247737157591
1998.56152467439	117.123437889397
1998.59696876727	129.319156271701
1998.63241286015	142.400194313253
1998.66785695303	155.348767827749
1998.70330104592	170.149122045455
1998.7387451388	185.962622010479
1998.77418923168	202.338410514387
1998.80963332456	219.22043604957
1998.84507741745	236.936871453141
1998.88052151033	255.604209891486
1998.91596560321	276.074757390883
1998.95140969609	296.74504036364
1998.98685378898	317.71786246764
1999.02229788186	339.240423318183
1999.05774197474	361.095335141423
1999.09318606762	383.049421373398
1999.12863016051	405.061391332868
1999.16407425339	427.397229523827
1999.19951834627	451.071977652897
1999.23496243915	475.017289535489
1999.27040653204	501.255805298718
1999.30585062492	530.581902491327
1999.3412947178	559.526766225039
1999.37673881068	593.410134443643
1999.41218290357	622.990890099068
1999.44762699645	653.569549247951
1999.48307108933	685.374036901264
1999.51851518221	716.841561849978
1999.5539592751	750.258788036779
1999.58940336798	784.257517235565
1999.62484746086	816.825569799844
1999.66029155374	846.971109376204
1999.69573564663	878.397169189628
1999.73117973951	910.501466152707
1999.76662383239	944.186185636242
1999.80206792527	979.629094581607
1999.83751201816	1019.97864367786
1999.87295611104	1060.11041705473
1999.90840020392	1098.24238423835
1999.9438442968	1139.26672668778
1999.97928838969	1181.66158393688
2000.01473248257	1218.04053197753
2000.05017657545	1254.91995833615
2000.08562066833	1308.71054767788
2000.12106476122	1350.54563223553
2000.1565088541	1385.31405054751
2000.19195294698	1431.82489008222
2000.22739703986	1469.51054663228
2000.26284113275	1507.18359434565
2000.29828522563	1544.53905722742
2000.33372931851	1592.06251869587
2000.36917341139	1629.79736496222
2000.40461750428	1669.66136467189
2000.44006159716	1733.84409697016
2000.47550569004	1776.37447831736
2000.51094978292	1823.6229960106
2000.54639387581	1869.95407767187
2000.58183796869	1927.42679368348
2000.61728206157	1986.7843408694
2000.65272615445	2054.68156357302
2000.68817024734	2130.45901553304
2000.72361434022	2212.67167177442
2000.7590584331	2372.92633205634
2000.79450252598	2598.55838436513
2000.82994661887	2710.0442022709
2000.86539071175	2812.18629350996
2000.90083480463	2925.83777512926
2000.93627889751	3056.95353354001
2000.9717229904	3180.48329666744
2001.00716708328	3253.0922779107
2001.04261117616	3360.20742675924
2001.07805526904	3455.68714144544
2001.11349936193	3550.18056726087
2001.14894345481	3627.4428317361
2001.18438754769	3694.83380852986
2001.21983164057	3737.88987010379
2001.25527573346	3774.2672316249
2001.29071982634	3809.43823827813
2001.32616391922	3844.24326184937
2001.3616080121	3881.58778433894
2001.39705210499	3919.86621818701
2001.43249619787	3959.67301596839
2001.46794029075	4001.27951087864
2001.50338438363	4045.09431502497
2001.53882847652	4092.86634725494
2001.5742725694	4146.76396914182
2001.60971666228	4209.06752231593
2001.64516075516	4273.82469048032
2001.68060484805	4342.60172139429
2001.71604894093	4408.60203300924
2001.75149303381	4436.2642859593
2001.78693712669	4461.29001002252
2001.82238121958	4483.73984207554
2001.85782531246	4503.29511425021
2001.89326940534	4526.61251963258
2001.92871349822	4552.82607721647
2001.96415759111	4579.71234127076
2001.99960168399	4609.91862418687
2002.03504577687	4616.70695492881
2002.07048986975	4622.50006184185
2002.10593396264	4628.31215362775
2002.14137805552	4634.40623074175
2002.1768221484	4641.66695497637
2002.21226624128	4647.85277975361
2002.24771033417	4653.92700424285
2002.28315442705	4661.18996194506
2002.31859851993	4668.54590390858
2002.35404261281	4676.18534321578
2002.3894867057	4683.81440955705
2002.42493079858	4691.78685713215
2002.46037489146	4700.53699318427
2002.49581898434	4709.60921276526
2002.53126307723	4719.0532432543
2002.56670717011	4729.84037104437
2002.60215126299	4741.95555393873
2002.63759535587	4754.21506320063
2002.67303944876	4767.28719508008
2002.70848354164	4780.65036816757
2002.74392763452	4794.58329729912
2002.7793717274	4809.26514515935
2002.81481582029	4824.39375064063
2002.85025991317	4839.68997004381
2002.88570400605	4855.81216860281
2002.92114809893	4872.85284001784
2002.95659219182	4889.86206896841
2002.9920362847	4907.68534838656
2003.02748037758	4908.80008187778
2003.06292447046	4909.91431429594
2003.09836856335	4911.02803916359
2003.13381265623	4912.141249969
2003.16925674911	4913.25394016579
2003.20470084199	4914.36610317253
2003.24014493488	4915.47773237232
2003.27558902776	4916.58882111245
2003.31103312064	4917.69936270394
2003.34647721352	4918.80935042121
2003.38192130641	4919.91877750163
2003.41736539929	4921.02763714517
2003.45280949217	4922.13592251398
2003.48825358505	4923.24362673199
2003.52369767794	4924.35074288454
2003.55914177082	4925.45726401797
2003.5945858637	4926.56318313925
2003.63002995658	4927.66849321554
2003.66547404947	4928.65827240676
2003.70091814235	4929.64738685873
2003.73636223523	4930.63582950859
2003.77180632811	4931.62359325204
2003.807250421	4932.43090823955
2003.84269451388	4933.50312382901
2003.87813860676	4934.61037433475
2003.91358269964	4935.71642321333
2003.94902679253	4936.82126047191
2003.98447088541	4937.92487606323
2004.01991497829	4939.0272598852
2004.05535907117	4940.12840178051
2004.09080316406	4941.22829153627
2004.12624725694	4942.32691888362
2004.16169134982	4943.42427349732
2004.1971354427	4944.52034499543
2004.23257953559	4945.61512293885
2004.26802362847	4946.70859683106
2004.30346772135	4947.80075611762
2004.33891181423	4948.89159018592
2004.37435590712	4949.98108836476
2004.4098	4949.98108836476
