mean_branch_dispersal_velocity	weighted_branch_dispersal_velocity	branch_dispersal_velocity_variation_among_branches	original_diffusion_coefficient	weighted_diffusion_coefficient	diffusion_coefficient_variation_among_branches
843.460796318151	165.981536863144	9.36089346693033	228073.141948808	58264.5277348056	15.1303254230787
822.259267270658	166.76173311899	8.79754094583405	163598.593180832	58317.0909768024	12.2061527648381
868.081505448867	161.274130048858	8.36888215419449	195829.611912633	57189.7204465773	10.0166737875983
960.570789561073	161.59830127046	9.8872687291629	300154.522690913	56569.7232320816	17.6101792061054
1619.1406149257	166.208010630818	14.8228062383872	293266.776331818	59726.5745704898	12.6834547385485
1025.6216721217	162.835924436346	11.5301236996172	179210.456795077	57374.7457485081	9.35424908780185
754.76080001135	162.407752312925	10.4074967890199	184599.826209868	58535.7692596588	13.2982627778068
1492.2505578356	168.130063932183	25.3196151597159	476196.899325083	60168.428152082	28.7944471546786
1036.30535342873	167.178219744905	9.51039300169325	248691.639180169	57733.7430712162	12.0484576921437
1015.01170929157	166.520586818908	15.6372270989928	363225.932834852	58607.5488673237	25.9805803626359
1208.49155115275	166.462524237829	8.51798634740325	214544.603817625	59849.261561386	11.7988101584423
813.85643816943	159.019383415557	8.98000165151647	270340.745652618	54279.0574916417	16.0472917409894
667.014264011739	164.365036472622	7.22953230432405	161305.301533578	58095.5149712408	11.3273362841119
618.076702955393	157.797652517754	5.92131922748391	141902.134094421	55623.8127388716	7.97855661672977
656.652718643065	163.743903788811	5.86532628639679	144598.148593906	59868.2515612807	8.98573600364053
887.079432455166	163.570281559196	7.70272386987262	151972.444911191	58547.402119952	8.89834222973099
838.790576729473	167.674798277518	6.84599193899297	156583.837434716	60723.8697098327	6.60855728603451
859.769598257702	162.527905252022	9.82062942118906	181259.307049906	58480.2545560642	13.367287286563
745.155532821038	167.326081597002	6.18608434074291	173677.838883202	58752.6821533509	8.65664706589146
721.407372795823	166.771550834031	6.05431577048968	165873.475308536	61163.3905125416	8.10492669254485
1155.74881730505	165.001462498094	15.1021016103811	227802.811270315	59600.7907213277	11.8816653365687
679.927566212616	167.26083253701	5.33544067120228	103106.618306461	60701.1343388127	5.78155873214183
684.620721039273	167.408927055461	8.81275249598573	164277.058335709	60625.8146978541	10.7788927435574
1878.78104222421	159.677460541157	19.402405394646	783406.672716286	58331.5070477268	30.9895062508047
595.844023699214	168.785338755011	6.50008303325475	126638.739789902	59799.1446290261	7.61761479107754
575.42250763038	158.252893956017	5.12229040672957	138420.511868763	55145.7275381345	8.8783664132288
1773.59051366417	165.497409850973	13.2374732618521	388164.307936291	60386.8837508241	14.3842585825364
911.0986034236	165.95926848482	11.0265381380854	290901.420610577	58105.2624393578	18.7654069140816
995.162170649073	166.674054147404	12.6766455169104	236027.33071388	60695.4277698719	17.363186203795
757.147272002056	163.938181471947	9.22797360391703	188707.931099545	58120.1699702285	14.3240814934406
2262.56441297385	167.638452397857	17.7458916112966	225714.935664501	60168.9654507444	12.265330524207
809.365860918366	172.743900337114	8.30459600268282	189960.226055407	62877.8551042831	9.30605793789616
510.72054015194	166.117701678171	6.97622957681988	95926.4489442807	59226.20759042	5.23427027607879
788.078838754548	161.315303893013	15.0577249660249	273317.268066163	58931.1278487675	24.6356990944545
1284.58852785034	159.135962859492	10.2237029683705	426480.06431321	55614.8339871116	15.6993514212328
1515.10592512363	166.794506838064	22.2133919291334	462223.535617494	61427.4712787307	23.2893104982694
1822.11463781176	167.715316340102	11.5215635534839	413510.494602428	61587.724768754	16.4752838328386
1202.06866455252	166.048134424605	11.9155178810893	289198.209803347	59698.6778778052	14.9285824077644
688.737720290262	163.112661375275	9.75456839006847	229139.024120093	59408.7721381324	19.5208304869437
1140.65444823209	165.963221391885	15.8624460128982	272266.327020611	59849.674107039	20.2403730618145
1192.63167154292	162.776311651581	11.1750710199147	402688.917627902	55356.6323710932	17.5489236174052
700.918469236136	166.408572122239	9.67320292284122	245806.834641422	59852.5733473719	17.4261498135101
2286.88920064475	163.724179796442	22.0229141048162	978926.851868694	55791.5290914234	26.3938034157346
696.952032385866	163.579113219418	8.01647232169408	171566.14478201	56342.8110870543	12.4518567655376
4503.75258107826	161.39935219691	21.3496107209285	1391165.86119662	58299.9730463831	23.1307169450081
1883.03187003985	164.158691537183	25.1791332520921	216511.315119365	59131.6006521583	14.2629095336465
1377.28605933706	161.122022645987	15.2554546421858	217784.172221477	56353.9784579624	11.3290139051523
1544.59761074409	165.238280102174	14.9793998417658	296688.488491887	59882.3008815239	16.5708584097541
797.009336017647	168.223353726295	9.38542890812286	248517.92391002	59513.8741566191	16.3412738993978
2964.63071647506	160.613221276211	25.3560078026799	983763.291268605	57179.7366891352	27.3905254194205
848.999024025781	170.316689588169	10.0145580666499	276955.608830992	62913.8537239406	15.6883229068826
1431.24517107838	165.022860489378	17.7609821389724	366659.326057219	57866.2450008771	19.6443522853692
790.047740568104	165.895447819289	6.22293632791663	134394.733744817	57005.1124635279	8.96201107703611
945.606065022428	163.233314359937	10.4478039164569	261194.200352187	56865.1625787719	16.0127303189604
1101.94680683933	164.044557568377	10.1759991493701	294210.201941051	58160.5986487124	18.0596392033058
1021.39203826993	163.026246128685	14.4510647213913	253024.428110862	57768.6322055652	20.1466075220399
793.264722693432	163.769722226995	14.7242353216352	199189.184458492	58617.9222587009	13.9345145705052
1334.94947962994	165.980045189279	10.7793839346531	334517.051829637	59443.8277421332	13.5235281846588
635.967487498138	165.586028989475	5.56334852938921	139774.2439965	58407.8434666207	8.08482590576266
1067.32653848787	165.204645354831	10.2584906973751	156634.620542195	57184.2786788893	9.70432300411224
4333.84218847184	162.715373891112	21.2424372802728	1647159.45627618	58465.8051812621	26.5696943703867
1268.49364891603	166.671354111348	14.8529703700641	299408.432132825	60814.353519019	19.9768280499836
900.835890533716	166.368426057577	11.0562282243431	221157.85910127	57794.0902868696	11.6510850607242
901.715136540837	167.548700677973	9.9864191730099	232534.842021622	59145.4504286523	16.7856013308663
776.346309385084	162.78921382207	9.43262863738244	179495.386643928	58108.8114306658	15.4653731147893
736.460035695148	161.729873540662	8.00348082733506	144706.547173754	57481.9738621343	8.89214807429731
860.853643191435	159.677870608358	9.54220938717498	207903.774628869	55086.6825136506	13.6649170273911
2592.69828875345	168.293624997278	16.3449443457101	956259.937340585	62105.4685971888	28.6528892768715
760.265753241276	166.566038416244	8.51683152115241	165871.526404452	60109.7476703979	10.6745616045793
930.486129313852	163.924057970669	14.165258946889	200250.352013752	56514.1177298526	15.4102120541526
683.424349184355	164.313631856345	8.00697324384078	138635.699190982	58891.2325027649	8.69969661898769
1208.29544409683	167.768005572941	11.2796503773406	276326.859227475	60042.9276940121	17.5382987436454
1605.96332761328	168.763360574106	17.7701445139781	402796.692230113	61310.4211766817	17.7416760795117
590.842505103122	164.1806288966	6.3181234508184	140570.345016219	59064.9300583869	10.3526575659749
994.771362046342	162.185912291871	9.83303088378028	298981.16135466	58037.0252143831	18.2615026193333
792.345506998232	159.075512981993	7.56751946442433	195584.643519242	56399.4079206782	13.7354210424591
836.217333388453	164.331338386892	13.4841717367095	180027.498449333	59879.2095290621	12.2060749366757
2193.0647984079	163.564268941764	18.2932721722521	452627.090025383	60073.4336338991	19.1205093909848
889.776356368031	166.644606774478	8.31868155884433	256011.012484694	59361.9640568585	13.4710585118095
919.399856501568	162.482242569246	17.3363721309172	314574.68822451	57668.2870909318	25.9584608781455
878.631301824383	162.039939180941	8.45596587643628	266081.139760434	55587.0586725077	16.3823680243033
919.672171258974	162.39220808503	8.74571239951418	212652.132763473	59126.9944546724	9.99821774249252
936.174119319694	166.319087096007	10.2807212695077	273021.112606037	57223.6691469268	18.7532501945168
1111.1698155802	166.848916085671	12.2899088127825	218464.83930447	58942.1990272668	14.0181165283213
7431.5309914004	164.255520261548	26.3481058728657	4171736.90779946	59656.0005012253	27.6085652919683
1102.65412616177	156.376933363609	7.40253889527491	279500.795351156	55383.1053672683	13.1232989061694
783.761057825137	165.227515530891	6.78477455211798	192028.968784759	58762.0307828244	10.5468289565869
989.599435630419	164.491572335007	17.1998153700972	323938.265497842	57448.0039349493	24.2202389759173
3926.8611445568	163.957173979546	30.0617688172272	1523251.08267384	58028.698141768	33.6352281977938
531.573960157705	168.618405296701	4.69621453874896	98552.7087941555	60215.7654328259	5.36300746954126
765.321262985154	165.587534823136	6.73957502296616	184822.140083482	60376.4648881867	12.7227700013778
822.593497750493	166.343142218121	10.5042415465388	202994.981236865	60440.2759752212	12.3002811406902
800.914683534337	163.996893318963	6.84476709986517	140993.874227461	58414.4765826191	8.54199237786086
1410.81229057431	168.783597897487	14.0020433866974	429701.862558637	59082.4626103636	26.0734977710751
1084.92918639412	164.463836183273	23.1865924798453	489968.396626277	59094.483459177	31.3465956619737
794.359642276849	165.049576438797	7.44373615517467	141176.822127274	58940.3421760117	9.92140079015306
556.384308033071	165.189199877381	4.64969379334271	103451.852829311	61077.0813786013	5.28516352669179
706.776950534688	169.595829247334	9.36196916798546	112465.352571623	62009.2973085153	6.439891982544
1399.90302713132	164.207365708721	14.4859663104736	244124.66699624	57735.6392651468	15.7453213077123
1390.92259490601	155.650345641691	12.3736563383847	267826.878596192	54789.9813435598	12.2204511951442
