time	95%HPD_lower_value	95%HPD_higher_value
1997.36929771994	NA	NA
1997.46593031282	82.4989701666768	251.408127066805
1997.56256290571	118.776145901143	118.776145901143
1997.65919549859	33.319777490786	69.7407361649617
1997.75582809147	10.8684348363336	90.0658594156906
1997.85246068435	25.0286780550359	185.91580909807
1997.94909327724	23.6282898817438	561.42221009828
1998.04572587012	28.2165245844142	280.645542003403
1998.142358463	14.6038357854301	401.747576104852
1998.23899105588	32.5439504582383	261.317292385803
1998.33562364877	18.4946028885922	489.366005227546
1998.43225624165	22.0534782982734	363.334143593992
1998.52888883453	15.1681223790502	233.79872871246
1998.62552142741	18.2276319764585	258.322041394085
1998.7221540203	16.8354712401323	353.929132827762
1998.81878661318	12.5283445510727	481.967249342705
1998.91541920606	7.95473674732058	769.633780255079
1999.01205179894	8.40591333592734	184.875063811763
1999.10868439183	15.1892768438223	780.328090927409
1999.20531698471	10.317956426903	663.262922955516
1999.30194957759	12.746245050886	831.962266845869
1999.39858217047	17.3760887991846	1168.81842016838
1999.49521476336	15.4354142638213	1145.98210157215
1999.59184735624	15.9026166187105	1119.97839215556
1999.68847994912	19.7195666982978	548.801482424593
1999.785112542	17.1154477485263	1455.8827983858
1999.88174513489	37.0934057994062	925.561313808526
1999.97837772777	37.4773196593252	754.673911258731
2000.07501032065	19.2417263301339	1541.3063291118
2000.17164291353	18.1251402636721	996.576855253753
2000.26827550642	13.1625299263845	1105.97194290977
2000.3649080993	22.5844547210807	2172.75423793421
2000.46154069218	15.7951336829909	2453.07073943992
2000.55817328506	8.69029418603054	1674.77062640737
2000.65480587795	13.1318925089637	1734.87073007102
2000.75143847083	90.1805141792412	1957.66816755795
2000.84807106371	185.818474774649	1590.16025729689
2000.94470365659	64.6418387460641	1790.44176874594
2001.04133624948	233.222115548307	1639.85549645114
2001.13796884236	149.974506051091	1412.28559699288
2001.23460143524	76.468115022764	1567.97253450867
2001.33123402812	30.2702715740865	1768.92241966134
2001.42786662101	20.8369440525372	2202.20934785592
2001.52449921389	12.2673217481563	2630.1007599745
2001.62113180677	285.099143685187	2058.80961459863
2001.71776439965	492.980311511059	1597.67431224591
2001.81439699254	202.454152284862	1024.69178499601
2001.91102958542	149.096250349712	1560.30588169899
2002.0076621783	308.734184688484	1260.32893571649
2002.10429477118	70.0504819313372	1210.17159004963
2002.20092736407	33.4166289728349	834.980400282172
2002.29755995695	16.0958457445384	1603.19181500091
2002.39419254983	11.1406676518465	997.028824239078
2002.49082514271	12.2190150025096	1051.99318123835
2002.5874577356	99.6443359398738	607.471495788123
2002.68409032848	177.745968326054	985.519390821019
2002.78072292136	157.700534350328	934.251959523736
2002.87735551424	28.5979610546638	1536.28898581411
2002.97398810713	381.432022643735	1090.99389365439
2003.07062070001	99.9076374580765	1220.63211256172
2003.16725329289	25.6359992062615	339.669325577218
2003.26388588577	13.0427460245688	695.397644229147
2003.36051847866	6.99258632633912	696.927137342722
2003.45715107154	17.2001798281538	671.68047078007
2003.55378366442	361.011537514613	826.720034227534
2003.6504162573	98.9761154959005	249.917111741225
2003.74704885019	133.017115907988	553.106604870699
2003.84368144307	17.5865941901607	920.101053633206
2003.94031403595	64.4491973475567	908.254420468585
2004.03694662883	84.4043072628888	601.347313507577
2004.13357922172	15.2678405668653	590.747046205072
2004.2302118146	15.2097657595131	733.254021635984
2004.32684440748	21.0761358590699	345.284166085881
2004.42347700036	143.064527226642	361.599772646024
2004.52010959325	76.2722795934078	217.24820432792
2004.61674218613	58.491989126128	149.169972763935
2004.71337477901	39.2406230499442	213.861137314211
2004.81000737189	20.1811008753064	472.479574983218
2004.90663996478	12.3562496686276	359.305770321813
2005.00327255766	136.674992896464	620.978476016985
2005.09990515054	26.4190146587431	414.275872061443
2005.19653774342	33.7971115207042	381.87646313688
2005.29317033631	24.9202252192894	418.679170285353
2005.38980292919	35.3227809835915	584.702311884448
2005.48643552207	98.3061199477289	480.39365207725
2005.58306811495	58.3684873217688	305.556697453462
2005.67970070784	52.773032302292	129.890059541708
2005.77633330072	22.9032475507413	248.536007514487
2005.8729658936	16.0925707358832	554.269936824834
2005.96959848648	179.868152016235	847.350954989516
2006.06623107937	14.7075571528998	497.540130982803
2006.16286367225	18.8206182162908	589.245872876829
2006.25949626513	35.1180427787945	702.225972252111
2006.35612885801	31.250711862342	797.202951908805
2006.4527614509	29.2437204922488	945.836430342707
2006.54939404378	88.5405987057342	664.559140718608
2006.64602663666	169.821461078391	538.875900743514
2006.74265922954	15.9936715263598	1128.24461861768
2006.83929182243	44.201384240268	1827.65807889714
2006.93592441531	21.3605010182931	7806.97312835087
2007.03255700819	184.441031291914	11419.1441939354
2007.12918960107	19.2689857616861	891.678175450755
2007.22582219396	19.8739549008765	1430.68135244115
2007.32245478684	6.1846997414679	609.10728563444
2007.41908737972	21.4715539237858	871.823920328945
2007.5157199726	41.6539730242707	813.335782880677
2007.61235256549	134.526681353968	836.695281672428
2007.70898515837	72.2655223867946	584.554630244266
2007.80561775125	8.13577602764635	551.628756538315
2007.90225034413	38.700236455745	715.934555753594
2007.99888293702	85.0172188843451	603.936225675225
2008.0955155299	21.5924979510044	1006.91394279783
2008.19214812278	20.5566860457647	563.493772889812
2008.28878071566	2.01063042164395	243.035633098111
2008.38541330855	13.207578263269	558.854188374103
2008.48204590143	7.35144221725428	81.5390818570043
2008.57867849431	15.6077388233949	208.608852963593
2008.67531108719	20.678750736145	150.632665921557
2008.77194368008	68.1935285838315	482.76306996481
2008.86857627296	30.2528094228577	1208.4940529929
2008.96520886584	305.547196350427	1669.10100181115
2009.06184145872	17.2933523089495	355.049269558377
2009.15847405161	4.25442236402569	369.27873705505
2009.25510664449	14.4831019361942	482.675594423768
2009.35173923737	19.9444074097529	695.650584116504
2009.44837183025	18.160957465015	486.893922727266
2009.54500442314	3.06668863939822	590.952066038309
2009.64163701602	123.225103116954	344.769199315498
2009.7382696089	13.0282902198844	595.373984070131
2009.83490220178	19.0749504182766	1304.93543755875
2009.93153479467	45.1660327908941	1087.43718862476
2010.02816738755	11.1816038659624	922.94046940688
2010.12479998043	12.4048730930694	437.239963784408
2010.22143257331	16.2895310052664	697.170833653759
2010.3180651662	22.3627285373528	588.258933194507
2010.41469775908	54.3681752518087	1101.71581377921
2010.51133035196	17.1451167122766	666.669375756437
2010.60796294484	73.0298766454797	425.510081253695
2010.70459553773	23.8125695467553	367.346617433992
2010.80122813061	16.0960630282936	706.124980890749
2010.89786072349	22.8048381009512	517.371977375233
2010.99449331637	31.2183262850788	215.131932147014
2011.09112590926	31.7949284720032	410.904125028057
2011.18775850214	29.5794484701649	346.512536830426
2011.28439109502	28.0144317892451	376.61329764674
2011.3810236879	24.9789809929581	170.089442517555
2011.47765628079	4.0963024304713	299.691429847797
2011.57428887367	20.146017422841	171.513387223502
2011.67092146655	41.9895642840004	251.284177863894
2011.76755405943	3.24290599516902	166.814259631792
2011.86418665232	16.0309201759958	251.123422332521
2011.9608192452	28.5447358327658	309.74592315675
2012.05745183808	43.7429970544857	421.172551194256
2012.15408443096	52.1859163308787	476.309627307399
2012.25071702385	64.5494253214711	581.070367354391
2012.34734961673	29.1202694246094	655.717364105824
2012.44398220961	344.60822263178	808.664515340793
2012.54061480249	120.381242950085	495.98204925633
2012.63724739538	102.833011107981	277.041182815586
2012.73387998826	17.6616827791565	50.6517730500195
2012.83051258114	NA	NA
2012.92714517402	NA	NA
2013.02377776691	NA	NA
2013.12041035979	NA	NA
2013.21704295267	NA	NA
2013.31367554555	NA	NA
2013.41030813844	NA	NA
2013.50694073132	4.98587029024167	45.6110295736892
2013.6035733242	36.8119141711514	88.987678943973
2013.70020591708	44.5125193370591	99.0745858267881
2013.79683850997	11.7450675833289	79.6078858218891
2013.89347110285	NA	NA
2013.99010369573	NA	NA
2014.08673628861	NA	NA
2014.1833688815	NA	NA
2014.28000147438	NA	NA
2014.37663406726	NA	NA
2014.47326666014	18.5282600985655	100.981225720571
2014.56989925303	NA	NA
2014.66653184591	3.30024813020721	37.0403619239175
2014.76316443879	48.6041370591935	162.280782138085
2014.85979703167	32.3735923762672	86.639104434256
2014.95642962456	62.3990519746919	62.5907388816592
2015.05306221744	58.0652246348183	97.4485260831192
2015.14969481032	58.9126688153486	153.5595031633
2015.2463274032	62.4352765015246	86.6955555064959
2015.34295999609	70.9245906360827	143.871870765785
2015.43959258897	169.676567126385	491.676731872262
2015.53622518185	133.743523089766	479.77591963066
2015.63285777473	8.30368166491788	260.320965744959
2015.72949036762	NA	NA
2015.8261229605	NA	NA
2015.92275555338	NA	NA
2016.01938814626	NA	NA
2016.11602073915	NA	NA
2016.21265333203	NA	NA
2016.30928592491	NA	NA
2016.40591851779	NA	NA
2016.50255111068	NA	NA
2016.59918370356	NA	NA
